9
9
-220710 92418 -227020 392730 1330509 311176 490025 -1280711 327745 -3847371
-120735 50556 -227020 214835 1330509 170223 268058 -700587 327745 -3103399
-102613 42967 -227020 182589 1330509 144673 227823 -595430 327745 -2969206
-99960 41857 -227020 177868 1330509 140933 221934 -580038 327745 -2952325
-84187 35252 -227020 149801 1330509 118694 186913 -488508 327745 -2833366
55940 -23424 -227020 -99540 1330509 -78870 -124200 324605 327745 -1799268
59845 -25059 -227020 -106488 1330509 -84375 -132870 347263 327745 -1765523
66570 -27875 -227020 -118454 1330509 -93856 -147799 386283 327745 -1718664
130606 -54689 -227020 -232399 1330509 -184140 -289974 757866 327745 -1242385
256
156726 -65626 -227020 -278877 1330509 -220966 -347966 909430 327745 -1049759
-301197 126121 -227020 535947 1330509 424653 668723 -1747749 327745 -4440778
-115082 48188 -227020 204775 1330509 162252 255507 -667783 327745 -3062555
-221531 92762 -227020 394190 1330509 312333 491847 -1285472 327745 -3850833
-52162 21842 -227020 92817 1330509 73543 115812 -302681 327745 -2596622
-156664 65600 -227020 278766 1330509 220878 347828 -909071 327745 -3370480
-44191 18504 -227020 78633 1330509 62304 98114 -256427 327745 -2537594
-74681 31272 -227020 132888 1330509 105292 165809 -433353 327745 -2763382
-38931 16302 -227020 69274 1330509 54889 86436 -225906 327745 -2498644
-244245 102273 -227020 434607 1330509 344357 542277 -1417275 327745 -4019037
-72401 30316 -227020 128829 1330509 102077 160746 -420118 327745 -2746492
159013 -66584 -227020 -282946 1330509 -224190 -353043 922700 327745 -1032825
190764 -79879 -227020 -339443 1330509 -268955 -423537 1106940 327745 -797702
117400 -49159 -227020 -208901 1330509 -165521 -260654 681236 327745 -1340974
-3479 1457 -227020 6190 1330509 4905 7724 -20186 327745 -2236110
-130 54 -227020 231 1330509 183 289 -755 327745 -2211312
14626 -6124 -227020 -26025 1330509 -20621 -32473 84869 327745 -2102041
-78197 32744 -227020 139144 1330509 110250 173616 -453755 327745 -2789419
62563 -26197 -227020 -111323 1330509 -88206 -138903 363031 327745 -1747059
-53669 22473 -227020 95498 1330509 75667 119157 -311424 327745 -2607779
-416186 174270 -227020 740557 1330509 586775 924024 -2414994 327745 -5292298
-320653 134268 -227020 570567 1330509 452084 711920 -1860645 327745 -4584853
-58169 24357 -227020 103505 1330509 82011 129147 -337534 327745 -2641100
-36834 15424 -227020 65543 1330509 51932 81781 -213739 327745 -2483116
-273274 114429 -227020 486262 1330509 385286 606729 -1585723 327745 -4234006
218727 -91588 -227020 -389200 1330509 -308380 -485621 1269201 327745 -590629
-122871 51450 -227020 218635 1330509 173234 272800 -712981 327745 -3120235
-112600 47149 -227020 200359 1330509 158753 249996 -653381 327745 -3044176
-6392 2676 -227020 11373 1330509 9011 14191 -37088 327745 -2257680
-125064 52368 -227020 222538 1330509 176327 277671 -725709 327745 -3136479
-92445 38710 -227020 164495 1330509 130336 205247 -536427 327745 -2894922
-44711 18722 -227020 79558 1330509 63037 99267 -259441 327745 -2541441
90035 -37701 -227020 -160208 1330509 -126939 -199898 522446 327745 -1543618
-47849 20036 -227020 85143 1330509 67462 106236 -277655 327745 -2564684
-152514 63863 -227020 271382 1330509 215027 338615 -884990 327745 -3339749
23699 -9923 -227020 -42169 1330509 -33412 -52616 137515 327745 -2034856
-54761 22930 -227020 97442 1330509 77207 121582 -317762 327745 -2615868
-187336 78444 -227020 333344 1330509 264122 415927 -1087050 327745 -3597613
-7459 3123 -227020 13273 1330509 10517 16562 -43285 327745 -2265587
-178133 74590 -227020 316969 1330509 251148 395495 -1033652 327745 -3529467
-147693 61844 -227020 262803 1330509 208230 327910 -857013 327745 -3304046
-241240 101015 -227020 429260 1330509 340121 535605 -1399837 327745 -3996783
-23693 9921 -227020 42159 1330509 33404 52603 -137481 327745 -2385799
-48933 20490 -227020 87070 1330509 68989 108641 -283940 327745 -2572706
161790 -67747 -227020 -287888 1330509 -228106 -359210 938817 327745 -1012256
-194673 81516 -227020 346400 1330509 274467 432218 -1129627 327745 -3651948
-181040 75807 -227020 322141 1330509 255246 401948 -1050516 327745 -3550989
229579 -96132 -227020 -408510 1330509 -323680 -509715 1332172 327745 -510267
152093 -63686 -227020 -270633 1330509 -214434 -337680 882547 327745 -1084066
-162382 67995 -227020 288941 1330509 228940 360524 -942251 327745 -3412824
142709 -59757 -227020 -253935 1330509 -201204 -316846 828096 327745 -1153556
-198681 83194 -227020 353531 1330509 280118 441116 -1152883 327745 -3681627
-174565 73096 -227020 310620 1330509 246117 387573 -1012946 327745 -3503043
-85632 35857 -227020 152373 1330509 120732 190122 -496897 327745 -2844475
128024 -53608 -227020 -227804 1330509 -180499 -284241 742880 327745 -1262305
-278926 116795 -227020 496319 1330509 393254 619278 -1618521 327745 -4275861
69587 -29138 -227020 -123823 1330509 -98110 -154499 403792 327745 -1695040
122998 -51503 -227020 -218861 1330509 -173413 -273082 713718 327745 -1299522
83685 -35041 -227020 -148907 1330509 -117986 -185798 485595 327745 -1590646
44166 -18494 -227020 -78589 1330509 -62270 -98059 256283 327745 -1883287
122382 -51245 -227020 -217765 1330509 -172544 -271714 710142 327745 -1304085
-115587 48400 -227020 205674 1330509 162965 256629 -670714 327745 -3066296
-24289 10171 -227020 43220 1330509 34245 53928 -140944 327745 -2390217
-198878 83277 -227020 353882 1330509 280396 441553 -1154026 327745 -3683086
-188487 78926 -227020 335393 1330509 265746 418484 -1093732 327745 -3606140
-369750 154826 -227020 657929 1330509 521305 820926 -2145539 327745 -4948428
8484 -3553 -227020 -15096 1330509 -11962 -18836 49230 327745 -2147523
-135532 56751 -227020 241164 1330509 191084 300910 -786447 327745 -3213991
-160666 67276 -227020 285887 1330509 226521 356714 -932293 327745 -3400116
-157918 66125 -227020 280998 1330509 222646 350612 -916347 327745 -3379766
-39321 16465 -227020 69968 1330509 55439 87302 -228170 327745 -2501533
152571 -63886 -227020 -271483 1330509 -215108 -338741 885320 327745 -1080527
-170363 71337 -227020 303143 1330509 240193 378244 -988564 327745 -3471928
-135560 56763 -227020 241214 1330509 191124 300973 -786610 327745 -3214199
565 -237 -227020 -1006 1330509 -797 -1255 3280 327745 -2206163
-251517 105318 -227020 447547 1330509 354611 558423 -1459473 327745 -4072889
-13527 5664 -227020 24070 1330509 19072 30033 -78493 327745 -2310519
-188615 78979 -227020 335620 1330509 265926 418767 -1094473 327745 -3607086
-98134 41092 -227020 174620 1330509 138359 217880 -569443 327745 -2937057
-143930 60268 -227020 256108 1330509 202925 319557 -835182 327745 -3276185
-11092 4645 -227020 19738 1330509 15639 24628 -64366 327745 -2292491
-224134 93852 -227020 398822 1330509 316004 497627 -1300579 327745 -3870112
94137 -39418 -227020 -167506 1330509 -132722 -209004 546244 327745 -1513247
-238901 100035 -227020 425098 1330509 336823 530413 -1386266 327745 -3979464
-205094 85879 -227020 364942 1330509 289159 455353 -1190093 327745 -3729113
-141773 59365 -227020 252270 1330509 199884 314768 -822666 327745 -3260213
13584 -5688 -227020 -24171 1330509 -19152 -30160 78824 327745 -2109756
-130218 54526 -227020 231708 1330509 183592 289112 -755611 327745 -3174639
37987 -15906 -227020 -67593 1330509 -53557 -84339 220425 327745 -1929049
-94585 39606 -227020 168304 1330509 133354 209999 -548846 327745 -2910771
-141338 59183 -227020 251496 1330509 199271 313802 -820141 327745 -3256991
-131201 54938 -227020 233459 1330509 184979 291296 -761320 327745 -3181925
-82894 34710 -227020 147501 1330509 116871 184043 -481008 327745 -2824199
-88505 37060 -227020 157485 1330509 124782 196501 -513567 327745 -2865749
-164047 68692 -227020 291904 1330509 231288 364221 -951914 327745 -3425156
-64413 26972 -227020 114616 1330509 90815 143011 -373769 327745 -2687343
146726 -61439 -227020 -261083 1330509 -206867 -325764 851405 327745 -1123809
108927 -45611 -227020 -193824 1330509 -153575 -241842 632070 327745 -1403719
34544 -14465 -227020 -61468 1330509 -48703 -76696 200449 327745 -1954541
-150071 62839 -227020 267034 1330509 211583 333190 -870812 327745 -3321655
-95885 40150 -227020 170617 1330509 135187 212886 -556391 327745 -2920400
14693 -6152 -227020 -26145 1330509 -20716 -32622 85259 327745 -2101544
-277926 116376 -227020 494539 1330509 391844 617057 -1612715 327745 -4268452
-265036 110979 -227020 471603 1330509 373671 588439 -1537921 327745 -4173002
-116171 48645 -227020 206714 1330509 163788 257926 -674105 327745 -3070623
9842 -4121 -227020 -17513 1330509 -13876 -21852 57112 327745 -2137465
-82160 34403 -227020 146195 1330509 115837 182414 -476749 327745 -2818763
-160652 67270 -227020 285863 1330509 226502 356684 -932214 327745 -3400016
-14770 6185 -227020 26282 1330509 20824 32793 -85706 327745 -2319725
-41816 17509 -227020 74406 1330509 58955 92840 -242642 327745 -2520002
-202808 84922 -227020 360875 1330509 285936 450278 -1176830 327745 -3712187
302191 -126537 -227020 -537716 1330509 -426055 -670930 1753517 327745 27442
-5286 2213 -227020 9406 1330509 7453 11736 -30673 327745 -2249493
-4061 1701 -227020 7227 1330509 5726 9017 -23566 327745 -2240423
-121948 51063 -227020 216993 1330509 171933 270751 -707625 327745 -3113400
-23067 9659 -227020 41046 1330509 32522 51215 -133853 327745 -2381168
-89444 37453 -227020 159157 1330509 126107 198586 -519018 327745 -2872705
-189101 79182 -227020 336484 1330509 266610 419845 -1097290 327745 -3610681
-110859 46420 -227020 197262 1330509 156299 246132 -643281 327745 -3031287
-287523 120395 -227020 511616 1330509 405375 638365 -1668405 327745 -4339522
-189604 79393 -227020 337380 1330509 267320 420962 -1100211 327745 -3614408
-121859 51026 -227020 216835 1330509 171807 270554 -707109 327745 -3112742
-149323 62526 -227020 265703 1330509 210528 331529 -866471 327745 -3316116
-66820 27980 -227020 118900 1330509 94209 148356 -387737 327745 -2705169
-57641 24136 -227020 102565 1330509 81267 127975 -334471 327745 -2637192
209818 -87858 -227020 -373349 1330509 -295820 -465843 1217509 327745 -656597
158014 -66165 -227020 -281168 1330509 -222781 -350825 916902 327745 -1040223
-43040 18022 -227020 76584 1330509 60681 95557 -249745 327745 -2529067
-172391 72186 -227020 306752 1330509 243052 382747 -1000333 327745 -3486946
-190956 79959 -227020 339785 1330509 269226 423964 -1108056 327745 -3624420
-24908 10430 -227020 44322 1330509 35118 55302 -144536 327745 -2394802
195071 -81682 -227020 -347108 1330509 -275028 -433100 1131934 327745 -765805
-215153 90091 -227020 382841 1330509 303341 477686 -1248462 327745 -3803602
167875 -70295 -227020 -298715 1330509 -236684 -372719 974124 327745 -967198
-36460 15267 -227020 64876 1330509 51404 80949 -211565 327745 -2480343
160636 -67264 -227020 -285835 1330509 -226479 -356648 932122 327745 -1020800
-211401 88521 -227020 376166 1330509 298052 469358 -1226695 327745 -3775824
155665 -65182 -227020 -276989 1330509 -219470 -345611 903276 327745 -1057613
82287 -34456 -227020 -146421 1330509 -116016 -182696 477486 327745 -1600994
-10124 4239 -227020 18014 1330509 14274 22477 -58746 327745 -2285319
-89616 37525 -227020 159461 1330509 126348 198967 -520012 327745 -2873973
-201599 84416 -227020 358724 1330509 284232 447594 -1169815 327745 -3703235
-181345 75935 -227020 322684 1330509 255676 402626 -1052289 327745 -3553251
102266 -42822 -227020 -181972 1330509 -144184 -227054 593420 327745 -1453043
-242038 101349 -227020 430681 1330509 341247 537378 -1404471 327745 -4002697
-214469 89805 -227020 381624 1330509 302377 476169 -1244496 327745 -3798540
-44655 18699 -227020 79459 1330509 62959 99145 -259121 327745 -2541031
169814 -71106 -227020 -302165 1330509 -239418 -377024 985376 327745 -952839
9881 -4137 -227020 -17582 1330509 -13931 -21938 57335 327745 -2137179
-38905 16291 -227020 69228 1330509 54852 86378 -225755 327745 -2498451
-186515 78100 -227020 331884 1330509 262965 414105 -1082288 327745 -3591536
-195343 81796 -227020 347591 1330509 275411 433704 -1133512 327745 -3656906
137795 -57699 -227020 -245191 1330509 -194275 -305935 799580 327745 -1189946
-136775 57272 -227020 243376 1330509 192837 303671 -793662 327745 -3223199
-113737 47625 -227020 202383 1330509 160356 252522 -659980 327745 -3052598
-189031 79153 -227020 336360 1330509 266512 419691 -1096887 327745 -3610167
261064 -109316 -227020 -464535 1330509 -368071 -579620 1514871 327745 -277111
-83534 34978 -227020 148639 1330509 117773 185464 -484721 327745 -2828936
5226 -2188 -227020 -9299 1330509 -7368 -11602 30323 327745 -2171652
-175378 73436 -227020 312066 1330509 247263 389378 -1017663 327745 -3509062
-170828 71531 -227020 303969 1330509 240848 379275 -991259 327745 -3475366
-77845 32596 -227020 138517 1330509 109753 172833 -451709 327745 -2786808
-302300 126583 -227020 537910 1330509 426209 671172 -1754150 327745 -4448947
11510 -4820 -227020 -20480 1330509 -16228 -25554 66788 327745 -2125116
165887 -69462 -227020 -295178 1330509 -233882 -368305 962588 327745 -981920
19983 -8368 -227020 -35558 1330509 -28174 -44367 115957 327745 -2062368
-182484 76412 -227020 324710 1330509 257281 405154 -1058895 327745 -3561682
-3249 1360 -227020 5781 1330509 4580 7213 -18852 327745 -2234407
-269928 113028 -227020 480308 1330509 380568 599300 -1566308 327745 -4209229
-127937 53571 -227020 227651 1330509 180377 284049 -742379 327745 -3157753
-96554 40430 -227020 171808 1330509 136130 214371 -560273 327745 -2925354
-3314 1388 -227020 5897 1330509 4673 7358 -19232 327745 -2234892
141697 -59333 -227020 -252135 1330509 -199777 -314600 822225 327745 -1161048
-246848 103363 -227020 439240 1330509 348028 548058 -1432382 327745 -4038316
98578 -41278 -227020 -175408 1330509 -138983 -218864 572014 327745 -1480360
-301564 126274 -227020 536600 1330509 425170 669537 -1749877 327745 -4443494
61630 -25807 -227020 -109664 1330509 -86892 -136833 357621 327745 -1753963
-212565 89008 -227020 378236 1330509 299692 471941 -1233446 327745 -3784439
-137715 57666 -227020 245049 1330509 194163 305758 -799118 327745 -3230161
33241 -13919 -227020 -59148 1330509 -46866 -73802 192886 327745 -1964194
-217417 91039 -227020 386870 1330509 306533 482713 -1261601 327745 -3820369
-133623 55952 -227020 237768 1330509 188394 296674 -775374 327745 -3199860
-53605 22446 -227020 95384 1330509 75577 119014 -311051 327745 -2607304
-173050 72462 -227020 307925 1330509 243982 384210 -1004157 327745 -3491826
-182025 76220 -227020 323894 1330509 256634 404135 -1056233 327745 -3558284
-69029 28905 -227020 122829 1330509 97323 153259 -400551 327745 -2721521
-35714 14954 -227020 63548 1330509 50352 79292 -207234 327745 -2474815
-199101 83370 -227020 354278 1330509 280710 442048 -1155319 327745 -3684735
-285586 119584 -227020 508170 1330509 402644 634065 -1657167 327745 -4325180
148519 -62190 -227020 -264273 1330509 -209395 -329745 861809 327745 -1110532
-206092 86297 -227020 366717 1330509 290566 457569 -1195884 327745 -3736503
-215116 90076 -227020 382776 1330509 303289 477605 -1248250 327745 -3803332
-121567 50904 -227020 216315 1330509 171395 269905 -705413 327745 -3110577
-228777 95796 -227020 407085 1330509 322550 507936 -1327522 327745 -3904497
-102094 42750 -227020 181666 1330509 143942 226672 -592422 327745 -2966381
-141432 59222 -227020 251663 1330509 199403 314010 -820685 327745 -3257685
195921 -82038 -227020 -348620 1330509 -276226 -434987 1136866 327745 -759512
-135177 56603 -227020 240533 1330509 190584 300122 -784388 327745 -3211364
-119450 50018 -227020 212548 1330509 168411 265205 -693130 327745 -3094903
-234876 98350 -227020 417936 1330509 331148 521476 -1362908 327745 -3949655
-89794 37600 -227020 159779 1330509 126600 199363 -521048 327745 -2875296
143732 -60185 -227020 -255755 1330509 -202646 -319116 834030 327745 -1145982
-29730 12449 -227020 52901 1330509 41916 66007 -172513 327745 -2430505
-179267 75065 -227020 318985 1330509 252745 398011 -1040227 327745 -3537858
-349109 146183 -227020 621202 1330509 492204 775099 -2025770 327745 -4795581
-126575 53001 -227020 225226 1330509 178456 281024 -734474 327745 -3147664
41909 -17549 -227020 -74573 1330509 -59088 -93048 243187 327745 -1900000
-93430 39122 -227020 166249 1330509 131726 207435 -542145 327745 -2902219
-168420 70523 -227020 299686 1330509 237453 373930 -977289 327745 -3457539
78318 -32794 -227020 -139358 1330509 -110419 -173883 454454 327745 -1630387
173170 -72512 -227020 -308136 1330509 -244149 -384475 1004848 327745 -927989
4345 -1819 -227020 -7731 1330509 -6125 -9646 25210 327745 -2178176
-48859 20459 -227020 86938 1330509 68885 108477 -283511 327745 -2572157
-55860 23390 -227020 99397 1330509 78756 124021 -324137 327745 -2624004
-134017 56117 -227020 238468 1330509 188948 297547 -777657 327745 -3202773
-156282 65440 -227020 278087 1330509 220340 346981 -906855 327745 -3367652
142641 -59728 -227020 -253814 1330509 -201107 -316694 827700 327745 -1154061
-260312 109001 -227020 463198 1330509 367011 577951 -1510510 327745 -4138020
176677 -73980 -227020 -314378 1330509 -249095 -392263 1025203 327745 -902013
154489 -64690 -227020 -274897 1330509 -217813 -343001 896453 327745 -1066320
6067 -2540 -227020 -10796 1330509 -8554 -13470 35205 327745 -2165421
-915 383 -227020 1628 1330509 1290 2032 -5311 327745 -2217126
-186600 78135 -227020 332034 1330509 263084 414292 -1082778 327745 -3592160
30343 -12705 -227020 -53992 1330509 -42780 -67368 176069 327745 -1985654
-76619 32083 -227020 136336 1330509 108024 170111 -444597 327745 -2777731
-198704 83204 -227020 353572 1330509 280150 441167 -1153017 327745 -3681797
-10329 4325 -227020 18380 1330509 14563 22933 -59938 327745 -2286840
-118093 49449 -227020 210133 1330509 166497 262192 -685254 327745 -3084852
132920 -55658 -227020 -236516 1330509 -187402 -295111 771290 327745 -1226049
-183081 76662 -227020 325773 1330509 258124 406481 -1062362 327745 -3566107
-133089 55728 -227020 236817 1330509 187640 295486 -772271 327745 -3195900
-6489 2717 -227020 11546 1330509 9149 14407 -37653 327745 -2258401
-81575 34158 -227020 145155 1330509 115012 181115 -473356 327745 -2814433
-168408 70518 -227020 299664 1330509 237436 373903 -977218 327745 -3457447
-248726 104150 -227020 442581 1330509 350676 552227 -1443280 327745 -4052223
-153188 64145 -227020 272581 1330509 215977 340111 -888900 327745 -3344739
150193 -62891 -227020 -267252 1330509 -211755 -333461 871521 327745 -1098137
-284194 119001 -227020 505692 1330509 400681 630973 -1649087 327745 -4314868
-97577 40859 -227020 173628 1330509 137573 216643 -566210 327745 -2932931
-211790 88683 -227020 376857 1330509 298600 470220 -1228949 327745 -3778700
-158510 66373 -227020 282051 1330509 223481 351927 -919783 327745 -3384151
-184981 77457 -227020 329153 1330509 260802 410698 -1073383 327745 -3580171
-87563 36665 -227020 155808 1330509 123453 194408 -508098 327745 -2858769
-81730 34223 -227020 145430 1330509 115230 181459 -474254 327745 -2815580
43945 -18401 -227020 -78196 1330509 -61958 -97568 255000 327745 -1884925
20666 -8653 -227020 -36773 1330509 -29137 -45883 119917 327745 -2057314
113145 -47377 -227020 -201329 1330509 -159521 -251206 656543 327745 -1372486
18209 -7625 -227020 -32401 1330509 -25673 -40428 105661 327745 -2075507
-151837 63579 -227020 270177 1330509 214073 337111 -881060 327745 -3334734
44307 -18553 -227020 -78840 1330509 -62468 -98372 257102 327745 -1882242
-56891 23822 -227020 101232 1330509 80210 126311 -330121 327745 -2631641
-217191 90945 -227020 386468 1330509 306214 482212 -1260289 327745 -3818696
97268 -40729 -227020 -173077 1330509 -137137 -215956 564414 327745 -1490059
-25560 10703 -227020 45481 1330509 36036 56748 -148315 327745 -2399625
-11222 4699 -227020 19969 1330509 15822 24916 -65119 327745 -2293452
99101 -41497 -227020 -176339 1330509 -139721 -220026 575051 327745 -1476484
