497 - 1, 7, 71,  497
1207 - 1, 17, 71, 1 207
--- 71 --- G

1273 - 1, 19, 67, 1 273
871 - 1, 13, 67,  871
--- 67 --- C

476 - 1, 2, 4, 7, 14, 17, 28, 34, 68,  119,  238,  476
884 - 1, 2, 4, 13, 17, 26, 34, 52, 68,  221,  442,  884
--- 68 --- D

1615 - 1, 5, 17, 19, 85, 95,  323, 1 615
475 - 1, 5, 19, 25, 95,  475
--- 95 --- _ 

2233 - 1, 7, 11, 29, 77,  203,  319, 2 233
231 - 1, 3, 7, 11, 21, 33, 77,  231
--- 77 --- M

505 - 1, 5,  101,  505
1919 - 1, 19,  101, 1 919
--- 101 --- e 

190 - 1, 2, 5, 10, 19, 38, 95,  190
2755 - 1, 5, 19, 29, 95,  145,  551, 2 755
--- 95 --- _ 

231 - 1, 3, 7, 11, 21, 33, 77,  231
561 - 1, 3, 11, 17, 33, 51,  187,  561
--- 33 --- ! 