10 4
462
190645 27601 -94651 81097 56526 -29974 146868 -94398 139175 -176598 1
145542 24410 -127738 13086 117808 -177305 145761 -69238 139696 -135853 4
16395 -2622 -142877 -84845 50275 -162375 -81438 19593 144595 -179264 4
217869 43320 -112103 89286 102458 -6949 34102 73104 155522 -173193 4
115403 32005 -34233 147816 111330 38594 -80368 -30862 181337 -156345 4
109860 20871 -99909 269481 118699 -57877 60236 -226953 134680 -155965 4
158172 39844 -37910 8904 128703 74710 145934 305137 147144 -183001 4
158168 46265 -78165 -104873 105794 -114231 -22484 -267682 159442 -167566 4
125758 35946 -91004 22392 115102 -237541 37192 -38073 168617 -148806 4
100468 37274 -245659 -7414 -399 60307 114740 -321584 168620 -213855 4
12273 17436 -101305 238155 51653 -135930 -161460 85284 209844 -216475 4
224587 48017 -134966 -17946 102913 -65692 -46146 130761 139490 -139635 4
74298 51470 -118128 15159 125198 -155834 126085 256498 175964 -245577 2
139715 -12440 -84826 220474 119130 -1252 -8476 -367538 164293 -108882 4
180409 37390 -122452 -176706 108261 -44950 -98383 89322 153202 -104519 4
40738 98738 -14083 303928 64847 -77835 -47524 108612 164796 -73608 4
50235 55402 -99506 10089 94449 -12263 -325415 43977 180728 -129890 4
73692 46051 -92652 -402314 74708 -162743 23535 -200277 169490 -140301 4
109842 -16097 -121955 -66592 153086 -16222 -296181 -325211 147519 -155572 4
115340 229 21577 89753 42394 -75938 -128746 -148521 203619 -183774 4
96600 18178 -94709 110097 93555 110090 -145915 -202860 173987 -156011 4
98827 46769 -35352 179985 58791 -46791 -59457 -99621 183833 -233801 2
60626 -19836 -132937 -182693 51587 17070 -135627 -69451 157061 -84985 4
203927 30508 -179973 6730 151672 -59659 171495 -108176 175811 -264273 2
122687 21769 -87356 86011 105813 24623 -23731 -66396 162211 -165308 4
170110 41853 -163807 -40695 119513 71024 -60712 -101673 173205 -130381 2
90012 22636 -73819 72239 90596 -18489 -44056 35412 197350 -136343 2
65312 -4249 -153362 199991 153182 12478 -148838 44069 163729 -78398 4
199600 59132 -127845 -139435 165018 -290188 -196636 -16849 130928 -168862 4
49154 52919 -80964 148405 43301 92510 -191499 -95152 177962 -198345 4
48938 33478 -110116 226588 126983 -78876 276965 -209773 175997 -145531 1
182818 3309 -140465 -200910 41649 -73536 108299 -213170 185094 -164595 4
79537 46881 -83109 96776 70583 19319 -192235 -170941 148764 -193051 4
112713 35296 -136471 -49290 154311 5522 128218 -302620 147422 -144626 4
162248 8907 -111700 -146377 107222 64552 -74208 -118040 178042 -94199 4
196648 45603 -106266 39866 117271 -26937 -260171 -189387 177084 -198267 4
67644 40330 -153734 259404 142163 -153910 -84220 -227390 177752 -106494 4
110799 55160 -10882 -101301 84285 56612 -24005 316629 141645 -202206 4
146104 53176 -162174 -225997 159162 -154419 110308 77732 146945 -283105 2
115807 34081 -73849 -34901 78133 63893 90512 51830 131504 -175825 4
30249 4441 -88428 -274840 98868 43708 376895 -86932 149994 -144515 4
110834 -13452 -70562 -13338 95814 -80907 202025 -324840 149490 -153024 4
77359 53648 -61436 228597 136036 19709 -320678 -280091 191708 -159547 4
149455 18732 -132924 -79433 60734 70134 94759 -81400 153172 -192021 4
181555 77070 -135875 -328339 129139 -67641 178452 -46015 141667 -107909 4
171029 7786 -86129 -146889 58854 -44031 -16016 -256161 162921 -120085 4
40164 68879 13404 -26080 71242 48174 -37968 228671 132284 -173861 4
175020 23524 -139089 -44431 91717 -93877 -38742 92657 173816 -202565 3
84413 -3567 -87359 -17241 121954 -123725 68019 -348668 147092 -168196 4
65565 -30133 -152644 28786 101222 -27485 -57291 -20022 189070 -152029 4
147783 88828 -149647 -190781 129307 58229 93226 240529 193844 -168336 4
212678 27832 -74141 -202293 76697 59137 8618 -176625 191301 -152109 4
125302 27667 -111879 468510 97875 -35181 -66325 -346060 136661 -223841 4
120591 20518 -61731 174148 78757 -200053 -61637 -82592 163649 -81662 4
120144 59021 -43451 119182 141888 65449 -56803 177229 137863 -126822 3
191853 13969 -46881 22266 112577 -110723 -204941 23142 195253 -157226 4
232578 1251 -4320 -170169 85409 57505 -332286 -27665 184567 -125557 4
153442 48651 -95357 111296 102505 -45364 -182426 -218779 182556 -268605 2
96821 91171 -25285 75403 142475 32547 -370723 -160187 212064 -182631 4
129966 30629 -56328 -524082 35393 -51736 39552 75769 188564 -205250 4
197872 39017 -12346 -117536 72128 -213792 18144 -144992 153615 -184893 4
188563 31846 -129285 -166759 84758 49410 -7025 -60052 150976 -213476 4
28660 8144 -152584 81727 104472 62221 88026 63918 185364 -227796 4
211162 -2137 -144633 151370 107218 -62119 -60062 115401 150184 -170347 4
196750 16664 -141000 -4046 129177 -120033 -53527 -132848 182692 -209586 4
142735 39800 -45328 183238 75007 -135360 -110783 -108352 181111 -94870 4
131994 53193 -106289 -76811 94640 28267 87590 -206011 136864 -96768 4
42391 68859 -57374 32484 64976 26601 94853 -178779 119556 -78794 4
125960 25075 -56796 20659 117195 86166 -1430 -276557 159151 -53365 4
13761 39133 -101931 99894 173413 4660 -30872 -68941 194359 -73259 4
161946 4321 -46244 22610 131961 -55725 124215 -265814 152433 -134269 4
93325 42314 -29710 53268 60829 -49403 -75575 -199998 173680 -83790 4
164517 15316 -89305 156428 141933 32920 102527 110151 166434 -206894 4
131200 53955 -108208 -34993 48637 -48857 -10896 122651 179413 -141233 4
193509 39900 -93705 230206 101072 -133812 -116121 172968 192608 -162492 4
204390 -18094 -90629 -37351 152997 1719 -206801 168739 121781 -99219 4
188090 39366 -113157 94632 80225 -73075 -152031 -22947 185704 -38349 4
80487 12893 -55704 -113060 82961 -52749 -154970 -120351 111471 -214498 4
72518 78 -62265 -231637 148165 802 -184579 -157436 173443 -172821 4
136043 43849 -78530 -25499 116422 -93640 -11025 -85316 129555 -289538 2
-10592 31116 -76078 167175 132651 51134 154495 -26605 214312 -152890 4
9054 -2957 -43242 231097 179248 63787 -223675 -115723 135310 -33007 4
129482 -23157 -128086 -243647 92501 -66366 -78078 -205692 135943 -80654 4
171077 33456 -69982 -178701 63083 1022 -10170 -20111 219791 -131486 4
157266 58237 -57713 -115509 92418 74917 -204255 -24371 166797 -73659 4
89722 56757 -132755 -62696 75281 14054 93112 -220568 163842 -122678 4
68744 33855 -22875 21317 152703 -92874 50090 115504 198634 -187748 4
151307 7218 -66112 -135557 57038 -44092 59739 -5779 212823 -140103 4
128945 25219 -137310 -178816 100311 137811 117909 -27420 160616 -202298 4
142673 26229 -82074 30612 72012 -157920 -177743 -69547 178300 -149743 4
46175 28325 -19893 20167 82396 3834 -93824 22076 170293 -115658 4
139397 3784 -14539 -84734 109885 158329 47098 277148 217496 -181316 4
46206 59785 -117806 -140604 113856 -3101 -180051 -56929 165134 -206714 4
169887 49428 -113956 -237453 108875 -33319 15230 -161049 161898 -161484 4
3035 -15311 -32820 179468 116469 21715 112622 -117185 173655 -196800 4
6053 30069 -111990 345901 117403 19043 -196824 55794 164524 -61900 4
79008 -5857 -102682 109593 60828 -26287 -112530 -116224 160630 -203959 4
67682 45313 -101553 292050 83826 -98127 166780 107290 187142 -189177 4
-56101 20749 -91239 42511 112862 -87310 67953 68735 145643 -146940 4
153393 22215 -87922 -77716 101165 1929 -211177 37268 128488 -113320 4
284421 36484 -79998 -221277 92869 25245 128519 -172575 151805 -217754 4
124289 -21623 -59186 -170102 16703 -55525 -35391 -15634 177158 -221000 4
222423 27644 -124367 -41984 52336 -56121 -37045 -52512 195605 -119904 4
76494 34496 -17858 211039 147798 -22952 139946 -87983 172845 -253032 2
142443 -35541 -42105 197101 101631 -55219 69511 -264837 174120 -137465 4
165162 25266 -136584 -199690 97353 -73755 -2682 211187 159721 -158308 4
77291 29684 -86951 31241 129127 -15025 26530 -196642 169029 -185850 4
152299 21111 -98095 161881 119650 16507 -176171 95317 187885 -180688 4
106624 -8955 -49990 1278 112126 11363 218882 24442 158674 -179246 4
123828 31871 -34261 -151378 100727 39858 -68839 -432838 138512 -133074 4
175497 32976 -50141 243612 146760 -135031 16263 -97321 180911 -202694 4
120517 51270 -84911 27625 141389 14775 -115102 -167354 157259 -175506 4
200813 43606 -114808 -38607 49217 8407 48957 116353 139898 -110023 4
77524 11898 -120874 -8240 39327 5186 -260991 -1542 158949 -165700 4
235117 21624 -99753 147681 115670 97928 -149995 -141807 168524 -117733 4
107704 40081 -26804 159550 108251 -92806 275233 -158135 205279 -165456 4
71849 44011 -142297 -389000 94444 40690 -140488 -150542 152667 -90863 4
188536 36302 -88112 -262810 175542 -25652 60129 -179029 180441 -115609 4
4185 -9284 -82342 -4670 150745 -9924 -200219 -217762 166452 -175032 4
162433 44417 -72016 -24589 86817 -14117 -69731 -86431 183204 -110981 4
67345 24633 -106303 -94360 133281 70453 70650 -143001 192118 -180194 4
147936 4518 -146491 204400 169585 92462 162457 -438 156433 -81677 4
184384 -10415 -117453 -157517 95660 44740 -138246 -238317 175469 -198344 4
157916 33046 -65265 92271 161127 -70081 15857 326275 172204 -155803 4
193113 40463 -116678 2661 109638 -11151 42329 -122784 150032 -249713 2
85921 45471 -178742 15565 32099 57531 -376216 37582 138486 -215834 4
59810 -5737 -131786 289827 101879 9548 231332 -450967 174871 -143948 4
20658 54882 -136412 19277 98296 46241 75332 226389 132998 -91696 4
122724 7194 -75709 -63320 56809 -88550 5843 27832 145107 -161437 4
136530 23019 -126225 30034 79524 139442 42479 -60104 142131 -136923 4
159093 44786 -85155 334097 116011 10513 59916 -176624 153916 -275637 2
150802 -9848 -52907 -147273 178607 -63529 -99297 109835 172345 -80453 4
137267 -4691 -196996 -29789 141097 -70327 -109092 468174 154892 -167250 4
121600 37382 -197741 -149855 115193 -12492 -9992 -155469 175374 -135257 4
72278 -14200 -103990 -6877 82931 -36965 -23938 -83292 156417 -123529 4
216261 58416 -49877 -34856 127201 -40819 -221408 -32262 173256 -250299 2
30843 68370 -77915 70740 115521 -24750 -125183 -10998 140305 -84568 4
124980 65575 -130391 120259 70368 53791 -194281 12373 138860 -173417 4
31767 30069 -107550 36399 175252 129297 29561 140114 175673 -78872 4
169506 29781 -51031 -151926 97697 58425 -23804 -73695 172885 -187152 4
118506 24409 -76606 -129069 104123 6722 -74277 49247 184242 -140839 4
182902 5141 -86774 -14420 97468 6420 59564 -86142 193968 -132296 4
196043 6412 -74683 116026 100399 6709 56139 -116159 153689 -306437 2
163974 23799 -78751 -136371 125959 -216053 -33027 -275004 160213 -181972 4
68606 38933 -139794 12810 95422 2839 -197690 33215 164289 -185396 4
96157 6408 -152571 -384058 58914 -31819 74494 179338 168855 -134591 4
141316 27018 -70719 -34024 87653 -6286 183770 -56784 178369 -166722 4
114619 34881 -84177 255057 66138 -44840 -88818 -92010 147233 -164493 4
103476 13912 -95028 83932 85058 52619 -43052 -362627 184583 -83241 4
88891 34556 -130674 -386083 74360 -162340 -13247 -123034 141853 -218642 4
109123 36235 -125618 32148 139164 51140 52483 -170228 196932 -71511 4
189103 40598 -61083 374082 114182 32579 -20935 -23148 122116 -172181 4
92061 12799 -160161 -126757 64906 -2432 -107897 35743 198706 -160918 2
194095 11965 -91502 -76498 150549 -5711 -111103 55060 152604 -166332 4
139273 22528 -114579 -83287 120038 -111716 254256 -113477 157972 -144397 4
157006 -30105 -90096 -82282 131107 94089 152010 -309145 141384 -176429 4
63028 10821 -84714 -34179 72196 -153109 94457 -14493 222229 -118680 4
96271 15469 -120595 245877 106648 74060 100814 13112 150467 -104287 4
142775 28777 -64470 -199088 97232 -66506 15705 -114472 170542 -200148 4
135275 22398 11890 62492 128822 39937 284478 -24126 150826 -114428 4
175251 13576 -25506 315046 149258 -35932 -9122 83223 154822 -147816 4
240986 73888 -43234 124652 156243 -94774 70936 -108033 132522 -69987 4
133978 35572 -50539 -268393 90210 43042 -79482 25518 159448 -135058 4
64117 31470 -88514 -18201 107498 33038 108465 -136257 166554 -110924 4
97787 8907 -36379 -284402 109834 65112 -60280 -91306 142558 -223014 4
-3935 35944 -111679 4796 144385 53991 144388 -85287 187647 -175367 4
84565 28347 -160519 143642 82160 -29056 -251676 22114 197503 -180416 4
81994 52367 -171494 -188497 80639 13684 -168739 37408 184483 -136941 4
101452 45080 -46578 63415 41797 -79611 55332 -211713 153324 -133028 4
141444 30949 -758 306336 85704 142579 -121687 -91396 176706 -213032 4
183021 43087 -150940 -21753 110541 -135671 -278263 -123411 151849 -39187 4
86790 2004 -95373 -4729 70631 -36785 -107015 -108137 132853 -195635 4
68964 -11369 -62250 34999 101120 45404 -139331 13129 153772 -189880 4
76043 69360 -69096 47026 74586 60608 16581 206188 186521 -131461 4
77656 26270 -172819 70994 118107 -19305 -80915 -154484 173389 -187430 4
169117 13219 -93796 357013 69970 -60879 -131961 -146917 164539 -182056 4
104513 14288 -126451 -6522 78614 32115 -109614 -115553 177143 -148770 4
100172 23362 -134279 -48834 131698 67031 22123 -41990 174911 -173151 4
90166 63892 -77474 270214 122311 23474 81581 -182387 141155 -222188 4
162892 33056 -102378 -293903 94568 -114838 46036 49323 147691 -61767 4
50497 41664 -87484 -197002 105544 -155017 73600 25320 178436 -259651 2
109565 -15421 -131374 -7212 100608 42913 81326 -103465 158565 -157040 4
96182 39479 -28988 -246444 72612 -58820 89080 -113976 154368 -149997 4
193021 -61275 -90824 155486 83394 -34325 166481 66407 180695 -136656 3
116254 43000 -109347 228156 73191 -128097 -35426 -286489 162665 -143179 4
132361 -5987 -57072 194623 189403 -19005 -84164 3655 138989 -158466 4
99362 31635 -91751 137834 113670 -61716 107499 49037 160157 -223565 4
179503 -40290 -47292 133444 67297 -77774 -157884 35233 170487 -173686 4
126636 -22222 -98430 407335 50413 -61629 227258 -173282 128525 -133317 4
114664 8049 -150293 -512441 75541 -168945 -3540 -113449 208001 -144383 4
185296 17053 -96596 -143914 52620 -138900 20951 -312 186908 -163185 4
127089 30740 -97018 -45323 75650 46701 -134450 -154523 171313 -184376 4
239465 45998 -163432 -24078 164159 -229743 -10258 -4350 154132 -219448 4
81257 25347 -155670 212377 158029 -136635 -43315 12623 174152 -200406 4
194355 18142 -67435 50844 132826 4337 -94357 -225460 173943 -103000 4
162409 53685 -41735 -225788 35746 74514 -119458 -2509 183392 -129180 4
143132 14405 -65420 25757 103725 -56146 -18566 119951 156462 -198219 4
161549 -4148 -72052 -143801 122717 -78976 48968 -256937 180939 -205591 4
122954 53585 -27111 92463 105591 -161186 -109017 -326849 171977 -179816 4
86281 -9535 -29644 -196615 60966 -5955 -298789 -4938 169029 -199421 4
139525 63336 -170229 -149698 108716 98441 -122510 151455 146091 -329896 2
74555 82157 -80624 385412 105970 -61789 -142486 81756 163149 -174071 4
153641 -11227 -36143 160526 59151 -44541 40721 190237 202468 -177772 4
20258 33517 -47551 -162293 56725 16255 38045 -293266 152202 -185452 4
169006 16251 -119988 -418990 105767 50619 -199426 71118 128873 -221242 4
94809 14196 -21584 -6344 79219 10628 152988 -48580 137460 -218643 4
68094 64517 -158902 -197316 149844 -42935 68330 -297568 172774 -220743 4
105291 31776 -187609 -77090 151613 697 -27966 -150575 172799 -145247 4
9270 44938 -140522 -216914 83147 -29675 224271 -115835 181641 -80365 4
75517 -5558 -69625 144820 18681 -16476 -124788 -53134 161416 -243163 2
141200 69739 -25640 118122 35659 70869 -128585 29959 184287 -188232 4
140350 18849 -83907 -6114 88705 24771 -101329 -149422 151465 -139530 4
70120 60047 -146094 15741 131946 -63818 138520 -143463 158089 -130990 4
135138 -6589 -127315 -38688 87069 -80648 -23071 -218568 214732 -142588 4
52035 9409 -108721 -35094 109667 36417 59218 -256856 158273 -263630 2
116452 11440 -79938 175265 111371 -7960 43987 -479948 139179 -245542 3
113719 27375 -92636 129538 93846 14958 -44781 -8838 127863 -204561 4
71380 7193 -148395 -56972 121177 -68662 -204361 -15153 214061 -106137 4
77935 27090 -135476 203570 85391 -168379 -274638 253661 173193 -224404 4
42288 8023 -114002 -14274 64668 -50217 239298 -203217 171181 -161449 4
166538 10557 -51647 -95905 122678 22064 55045 -129504 147235 -196582 4
125751 55430 -33976 -378906 63927 34081 49511 -211252 115079 -111837 4
204976 22637 -71002 185757 135881 34716 16707 -148538 145900 -210822 4
125935 36843 -55511 -61722 109458 -15304 59401 16051 174438 -183369 4
163285 36388 -50343 -37788 94018 -241 -46761 -76053 156404 -176021 4
87091 19255 -115746 250422 72599 53375 30595 -69704 188956 -190661 4
118192 31772 -32558 -80830 98816 24035 -169275 -317910 204725 -158627 4
220091 78183 -72987 100046 115890 21182 241471 15026 193920 -146053 4
97783 5037 -3288 70232 89473 109376 -116901 -84054 167700 -215545 4
166869 87769 -7679 -81512 54011 95689 42748 22648 173974 -161522 4
149471 14613 -28770 76261 85217 8320 -244034 40438 112643 -186021 4
146382 27255 -118021 32964 157981 3374 -49929 -90332 197189 -157617 4
157506 36843 -88175 -102905 130702 -32102 -97039 42709 168837 -144573 4
112971 62636 -89836 -154689 94285 57843 -146690 103976 147407 -129687 4
9853 -24567 -39879 46990 121379 59315 -85058 -250814 186991 -81689 4
58293 24201 -178639 70216 79737 57014 20121 -28738 158949 -152142 4
133594 -13207 -75941 255329 121014 76895 122800 -396972 189352 -156777 4
175454 27091 -46394 -112231 45824 -38626 113321 33323 167556 -134270 4
107582 13310 -154974 210756 139163 48948 -155184 38608 171043 -180402 4
129390 8895 -88565 155564 139198 -125352 -91350 -307328 160279 -144549 4
110624 24587 -53463 189272 83384 -75601 152491 -98001 187948 -210351 4
113083 -2187 -135576 110306 112595 -82060 71050 -200680 173885 -187745 4
138924 43921 -81606 -109044 105872 17075 -85507 -67868 161667 -218480 4
57495 56127 -23306 -102996 72530 -28107 268370 -64895 179288 -261507 2
160055 -14990 -44558 -132063 72817 -140390 20041 -121997 156405 -196742 4
210572 -9695 -43552 -283939 68733 40521 47177 15278 141969 -146923 4
86675 -2540 -66106 23456 48560 -99511 -51307 -23898 180654 -165342 4
124540 28782 -152396 265879 84357 115880 145156 -37705 96911 -214673 4
170648 56946 -111130 -246755 54890 40998 -331900 -367296 182585 -238226 2
140628 17872 -57756 -149935 113918 14772 -68271 73744 172105 -116132 4
151557 49244 -23123 158904 92980 192154 -237299 -176093 123307 -30036 4
137556 69161 -83423 -152119 125950 160412 -521 -334229 166293 -77344 4
104048 -51778 -103462 28066 66329 -74998 -125527 -268996 184993 -238233 2
85895 50422 -169868 -111388 83168 -157357 -60060 370560 152457 -184768 4
114565 36278 -125407 -336597 125856 -290 -12637 -255971 149651 -130164 4
229764 -29930 -142402 -121559 92860 29794 172946 49471 166580 -183842 4
66121 25226 -136215 259995 132512 144230 87855 117357 178980 -150974 4
148202 12971 -66610 -38154 109000 -16419 21346 -201152 164809 -132636 4
98465 13266 -39417 373201 184051 40752 -110935 -37580 210212 -216487 4
140007 77242 -96792 264242 154932 -98009 87551 -206172 210101 -77741 4
190127 16916 -76038 -1707 50436 23430 12083 -47943 143812 -86077 4
50459 60537 -74899 189132 84520 -38873 -193746 -150693 178360 -24514 4
150598 19698 -57013 237346 101554 -136496 108415 -240152 154755 -162271 4
171243 -41196 -79445 -1823 92292 21341 -104202 -44204 169535 -173587 4
88698 77565 -55453 -22707 126845 -109670 25031 -32398 143810 -127051 4
-8261 61916 -92393 -148056 58967 -64573 99281 8254 110528 -132627 4
83721 6549 -158377 86177 156060 -112355 -308267 -330236 125369 -216217 4
101656 -2446 -90280 22602 165546 36856 144742 -98134 181713 -193670 4
205045 39115 -130145 259482 105877 130976 134982 -318339 163464 -174042 4
75097 46219 -122912 231605 111234 27588 147820 -184934 186836 -80624 4
239545 41381 -103491 76040 85416 -15070 -4783 -38575 131933 -105763 4
75394 28576 -59549 142508 97548 104692 18258 -24202 177556 -64707 4
86560 64814 -112390 -292070 77023 141406 19009 -233532 190201 -104886 4
146762 1200 -68396 -197671 106337 -11280 210271 230553 179330 -225449 4
41548 48637 -39121 206891 49359 -67591 -85995 -278408 180121 -186580 4
47001 6811 -185633 -18240 119300 -174370 -47537 -308230 180836 -200277 4
224900 46678 -8978 -124231 142004 -51302 3900 -119711 114369 -59952 4
121904 27679 -49126 45263 110563 -106220 -165463 137450 180302 -130070 4
103965 -6771 -25981 164340 109434 95661 78590 39255 162226 -107158 4
113909 -1843 -149089 -132269 131527 -199236 64568 -72913 174726 -198343 4
106964 -11017 -46636 -107710 123289 -100504 149676 -101742 147673 -170947 4
185732 -1885 -27265 -94517 72103 -65825 102 -200316 156789 -191168 4
58647 20502 -18811 132010 121691 -93111 -60782 -18382 127019 -102285 4
148767 -9956 -55101 198501 110197 25902 -233243 -103460 212254 -167222 4
146822 27910 -97831 -166726 134978 11529 -253605 -477942 155289 -190505 4
154792 21369 -132274 289023 127892 -92286 -158797 -133502 175874 -186101 4
26805 22992 -189588 64175 87172 68371 -58512 -200183 146781 -232222 2
56678 -9319 -63897 -185934 157509 -65586 -108594 68007 152717 -203936 4
148112 18026 -81201 -87894 95299 28576 -164700 -107863 179586 -124243 4
153550 5755 -83071 -101337 63635 56346 -44156 -190409 148721 -171742 4
22109 15167 -178445 -299311 104594 -173134 -232452 -101523 154987 -219228 4
91065 59859 -75176 -65425 148867 46094 -18276 -22677 121974 -80572 4
215796 40617 -60008 -220267 69837 41752 -68019 25996 163713 -135925 4
112367 8548 -50261 -209228 169202 -34549 152862 32550 145270 -162355 4
164549 2877 -51591 39828 105818 -52902 96717 -65138 144359 -154872 3
190851 49462 -121938 5129 81844 62047 -155961 -85357 159523 -246992 2
27740 28687 -25999 -149732 114920 127030 -250369 45187 152771 -211137 4
91297 26763 -112988 -153561 66303 83670 146625 -215567 164715 -184807 4
28621 28502 -26841 55589 116991 -142301 -40721 -261100 176102 -118342 4
160168 -36612 -126668 120693 41993 65597 -7421 -10659 188485 -82353 4
65742 9115 -23582 61624 56174 -71325 -36390 22617 122909 -142799 4
125894 55518 -112250 258438 78006 -25580 -77539 -284281 143253 -109278 4
122238 7690 -133239 73900 161376 32160 -179775 60063 165240 -168966 4
165705 14477 -85000 -29867 97017 -177293 37720 -279509 170165 -93899 4
54195 14382 -148317 9293 90239 189153 164270 -225249 128290 -90474 4
133740 38601 -106665 167177 138869 18582 -127406 -170233 173122 -181364 4
105991 -21479 -81430 -170530 103644 8712 -26916 -184192 159056 -148774 4
145020 27530 -79317 292671 162145 -91591 -62150 -232428 161480 -182040 4
204394 20940 -84099 -87013 142663 -46636 -73567 20714 197280 -116825 4
135643 -5928 -53876 118983 95111 6359 109424 -158369 183654 -212527 4
214943 26957 -118658 -167347 101247 -59547 207251 217402 144087 -163756 4
85670 44482 -85008 -20772 137378 -175062 32453 -185033 149534 -217451 4
142678 13329 -86976 -9010 34751 4967 31524 -129956 109428 -211615 4
78601 933 -132720 -228152 167873 42888 117707 -232924 187754 -212961 4
181582 57960 -90244 -35297 95418 -53072 106782 -408864 195037 -228052 4
133970 -4825 -66132 -257380 119273 -15568 -55441 -32072 165437 -137928 4
97135 20249 -68757 -170555 89691 10128 177333 -69417 215152 -210033 4
189958 78898 -221281 -3826 136189 25790 -21526 57363 129743 -156124 4
201947 11605 -29709 62097 125148 -35822 116512 -371646 150971 -189332 4
124705 -1910 -89095 -214396 133197 -90772 -160931 -256503 168117 -180869 4
136661 48155 -65387 126581 133518 -22495 -25209 -395576 161363 -221033 4
106245 -15516 -55749 202064 100923 69442 152360 -180041 131418 -186744 4
148258 58416 -83616 64610 110304 36234 69624 28092 107393 -165668 4
90498 110005 -148020 88470 57930 -62094 -39026 -464102 156135 -238817 2
20015 14117 -88615 -260688 94184 116621 -90514 -152408 161934 -191588 4
66494 23010 -113495 -25038 180550 -64313 -9698 109782 151398 -78801 4
117670 -3813 -88077 -87104 116983 -61480 -157254 146995 146792 -196012 4
94506 9638 -137973 -51715 27071 -109247 -270288 183746 145250 -172179 4
75427 27387 -91442 -105411 109445 -104553 77715 27139 183922 -247682 2
179088 38410 -111680 -13194 153404 18904 70596 -280876 194886 -141586 4
169896 35624 -119741 -88580 109112 150290 -127068 -197295 96588 -147744 4
107487 -40155 -131120 -6759 83005 -234585 -155315 55794 197739 -284240 2
140336 23180 -58907 27097 71134 -40242 34010 -38350 149578 -190032 4
91434 28531 -93645 -340349 93105 -32795 -260295 5613 165348 -198104 4
171673 38064 -179146 247982 70442 -14972 153336 -3976 176346 -181228 4
33825 37754 -55219 -169313 118731 29840 47618 36982 163036 -180436 4
99317 -23816 -81556 -186002 10541 -14483 26259 -61846 158192 -151762 4
131498 60916 -48761 142734 34970 -11453 -84179 -77040 134261 -117857 4
101469 31107 -78891 192083 85772 109232 -39014 211242 158435 -140051 4
97194 25851 -126732 -374566 137675 -51509 22854 -187015 126554 -188765 4
135621 56437 -108558 182604 97281 18184 -199098 -54098 147084 -217630 4
178367 39105 -14631 -20968 100588 -90368 -39222 38001 169833 -133870 2
107087 27713 -113582 123147 172994 33015 70706 -24618 182367 -135978 4
70873 7938 -123940 -20843 106057 35281 -55632 -133577 182539 -182394 4
84166 5286 -82446 149994 175036 -154865 27413 -51534 208073 -196792 4
151248 27280 -131778 -213966 104230 -10366 -165370 126827 149967 -54603 4
181764 15731 -79600 166496 131509 -158818 -55398 -250 166192 -113381 4
108959 18453 -48026 -44060 95146 -226721 -80382 -270341 206281 -171610 1
7471 1355 -135480 84945 82872 50564 76628 128648 162339 -146658 4
102788 30255 -67474 27146 82733 98957 131412 185889 170840 -144436 4
143537 43673 -97312 -312176 102752 -5902 79435 32736 159766 -129462 4
102565 63762 -77689 313056 143921 88992 -3892 -18127 176384 -165260 4
87547 48801 8001 266071 69183 66439 160106 -26099 168304 -186603 4
55783 18596 -24935 131654 134078 -23443 156564 -23290 138768 -198511 4
118584 17709 -21343 -105956 85763 69086 -73349 -216535 162464 -218192 4
101346 18599 -120629 -264603 77312 2303 -5130 95573 168607 -139884 4
98290 50356 -101685 179208 62335 -123564 45600 -282825 144262 -60894 4
92221 66487 -80037 84719 66168 -32099 -300685 -61770 153242 -243568 2
123315 61390 -76842 -52394 50092 -28803 -82522 123560 144281 -181616 4
98684 80032 -36468 34528 155015 -125922 -176755 -93639 185304 -215638 4
99727 9565 -72843 -55670 163565 -36460 24004 -76465 146693 -151527 4
59982 -14475 -83587 125994 139453 -46425 -92585 -69132 182522 -143224 4
127754 39338 -66343 147688 72183 -71968 -86402 289734 156650 -112497 4
36362 45464 -98091 -142148 153553 4479 -90360 -120401 191914 -164853 4
162418 42408 -128303 -262213 141534 7813 14827 93045 169686 -177108 4
208636 32700 -92320 134222 128437 12929 40238 -10412 186560 -191847 4
62381 38866 -100045 -104575 68186 9039 56214 -3138 176869 -177824 4
164014 56622 -46939 102582 94165 -7007 15736 22727 187726 -175709 4
99655 6980 -79839 -108424 108486 59730 157072 -50240 158478 -244138 2
112220 -26053 -121243 409489 148085 111650 -186816 -178460 110430 -194076 4
73969 59705 -37513 -71362 106756 -37352 101411 58713 141635 -141882 4
190644 48458 -10072 -75528 106198 27611 -208356 165463 147030 -172349 4
170793 16305 -65736 -198775 27942 -4932 166115 -27004 183684 -187800 4
167132 58008 -103631 414368 69563 -35988 109539 217537 161054 -177116 3
125818 37581 -158277 -73812 132305 -138171 -32391 -191748 203815 -146292 4
167500 -6767 -83329 48284 125364 -62806 -128707 -181063 169349 -70398 4
165085 2222 -65669 -296837 93030 -78250 -63487 -71870 181359 -166631 4
78248 10291 -170812 -391109 55905 -11203 56224 -77773 169803 -128439 4
99232 51069 -106495 -62589 143843 8130 -65665 -5679 131560 -65477 4
115275 48583 -119618 -99588 87905 72805 51063 -257039 169808 -59869 4
17659 79776 -121001 75268 122361 -115759 95414 36779 190854 -196634 4
145322 95 -100102 96886 204927 88233 25822 31319 148489 -104037 4
142860 17552 -105338 205038 125046 -46589 -115955 153286 162336 -178680 4
151261 -6071 -42914 -231451 84683 111454 91469 118638 172788 -154479 4
140593 81173 -113488 66097 149711 53759 195712 -263329 172408 -98199 4
162930 44240 -107709 -87721 73548 -26169 60247 -36898 167561 -117133 4
91447 81482 -69388 -160161 124166 -70819 123152 -32999 135085 -97489 4
158289 17404 -77163 -324716 150248 -11162 -43884 -88477 132344 -175732 4
49204 49527 -30951 128949 150319 162635 83057 -319696 199866 -185771 4
207315 18020 -170834 -26944 98427 -96744 196768 -11555 203879 -146930 4
154248 49576 -53086 150151 95727 -93712 -106631 141413 142852 -153314 4
140420 3106 -170265 110931 106598 -128371 138491 169482 159315 -148577 4
104855 -2379 -88090 -163102 63240 -88842 46991 150603 164326 -178850 4
97059 21038 -116142 -122626 118715 -157158 -218304 44526 164722 -127409 4
165106 15163 -44655 361725 97841 -52799 169900 -88306 146785 -129140 4
200729 1445 -85913 107094 138925 46600 220071 -108068 164931 -224644 4
140598 4396 -26884 -465529 222911 60371 -6628 -309524 154125 -131134 4
82208 -30406 -96903 32541 186253 -39271 153544 -260819 133097 -206646 4
29378 13567 -107743 440994 124456 -50350 -161642 -205597 167108 -195266 4
160549 42318 -76747 -65749 155273 67312 -946 352546 168925 -240864 2
192320 31472 -94164 220769 60557 -3319 -151525 -18792 161285 -181850 4
143189 21833 -115529 245394 96592 43605 -12333 -61503 152660 -171871 4
232647 51191 -128321 65968 115981 -132049 176144 -75500 178551 -215205 4
46420 27584 -78219 -59119 180403 89022 101544 -116205 147741 -148948 4
142140 25246 -130758 126526 202196 79610 -104526 -112879 150552 -126625 4
-45504 3458 1566 180200 49377 40260 -266180 -165075 160075 -155802 4
256556 27109 -63428 -37109 142493 -66858 6250 186836 137970 -122515 4
93371 20070 -75020 -87742 138713 -52272 272486 -78017 177797 -175710 4
131873 17268 -159112 62422 80668 -15155 -107684 57321 161932 -186518 4
103905 35320 -36716 12702 101851 11859 -90128 -33900 174825 -117595 4
165068 -13433 -106200 71453 102128 29644 18675 -130586 149454 -293000 2
91828 -6892 -110506 127193 158516 -181441 -182394 6023 187534 -257012 2
103051 29135 -59856 325626 115326 -6397 65621 1946 176460 -206863 4
236189 59149 -71903 14404 69960 -35202 -88315 53114 224352 -227859 4
60552 32284 -81349 -98727 102195 55419 -91263 -129064 174382 -201221 4
156255 37921 -1060 265235 142741 -78931 -143501 139074 177922 -70900 4
210241 -22346 -100984 -23378 128045 -5352 52101 133207 129946 -141169 4
174456 47545 -137648 32705 112930 215928 -58385 -28364 135849 -116235 4
139861 71120 -14078 -111822 126298 44733 -127689 11194 190098 -100923 4
257154 35628 -51071 53298 106187 -39407 -40569 -18460 139742 -216296 4
201682 35664 -72874 -65607 109115 -51113 -91895 56137 145316 -178093 4
98331 -26005 -144394 -231958 74033 -15325 -200298 -42124 192557 -117699 4
180988 16482 -84279 -229521 116935 75049 142057 -126973 184738 -159994 4
78034 70894 -116696 -226697 119684 25374 53661 -36227 175236 -107986 4
635 4865 -161373 -251646 114577 -159309 -219972 -256822 178479 -174247 4
75746 16716 -19627 197995 113908 -14630 -1054 -140732 160871 -139184 4
237327 53354 -161332 99533 21091 -6098 38093 -4330 164954 -260135 2
78736 3671 -52046 -221129 111204 -146201 10260 -91154 189713 -150373 4
171381 -1661 -109703 217857 49522 -122424 -164743 -31426 163662 -241653 2
107729 22866 -42148 68646 83621 27837 324266 -157278 194878 -129838 4
142153 46880 -45532 132886 89109 -12170 20309 -43808 161704 -235317 2
144650 -23713 -3460 16095 187248 25823 87721 -243888 185255 -170718 4
187382 32287 -33391 -334835 134544 -198282 176828 208556 208722 -138254 4
169384 43742 -119384 334314 57544 -137106 -15834 -124600 163038 -150572 4
95476 75053 -62664 -144268 96298 37328 -208179 43829 172430 -142152 4
99199 44865 -66362 59096 91956 -18826 -83222 -126375 177469 -174880 4
48485 60468 -88473 -243070 153430 -185994 -245764 194554 168155 -182313 4
182172 69380 -165914 -128643 82393 -55775 25971 -180038 161873 -120875 4
87976 27456 -88811 281936 55615 13755 27003 67164 132869 -191185 4
120163 33296 -91719 -121046 137607 109269 -38864 -327336 195402 -14942 4
140273 27954 -148614 109974 134529 22321 136928 155044 159318 -165647 4
108945 -72617 -152181 -44076 125997 -161901 9573 -329120 149690 -162721 4
152541 52378 -130804 28492 96941 -79870 -5582 39150 204523 -176722 4
117907 66118 -46045 99379 106186 -14353 35595 94858 168329 -161559 4
115051 63289 -149120 21059 97168 -74397 -12380 33942 134940 -165907 4
95829 54820 -91427 293734 41690 -179150 -130319 -227461 190453 -165641 4
26604 15584 -103599 112993 81508 134053 -50726 94150 153095 -206621 4
43057 64078 -148019 157519 156149 -54230 -221628 -330866 164896 -261807 2
198567 14491 -93172 43304 164731 2250 60417 -199922 197885 -136691 4
125085 47845 -80333 414147 108119 -74018 -126839 13765 197404 -140386 4
44030 51983 -130989 -152194 83651 145102 53961 -39249 176029 -195114 4
133907 35570 -84551 147572 147785 -128833 132714 264 163102 -236683 2
117417 93334 -122411 24559 111533 24134 -89708 -194041 183993 -122284 4
63995 10981 -80102 -108661 88958 4151 195697 120814 168946 -195695 4
142614 29602 -84915 -236177 35694 -3760 -52654 -379754 156771 -179915 4
206253 23314 -48350 37619 62635 -54901 16322 -173995 151126 -178899 4
49984 21678 -98835 74923 136242 -25552 37027 -35406 134055 -169465 4
177965 84929 -63516 120202 144110 -15715 -116766 -241151 167368 -100250 4
67390 -45923 -109944 192015 133350 115121 201549 146963 208920 -139759 4
149995 62975 -116965 -378656 137123 -5299 -159444 -362639 150776 -198400 4
84166 6900 1951 -94592 42813 -110813 -55817 -108328 152726 -176818 4
127711 -4614 -14356 108434 44672 -13166 -27222 -22175 185646 -55483 4
