7 15
1577
-179273 445381 61175 -11266 78701 -68393 177420 12
200857 85124 91852 -139712 -181166 -94227 -20957 15
-79771 45532 121673 -75956 76840 -68689 31406 12
173155 -119963 176957 -152482 231954 -73047 77610 12
-85423 64686 206021 -53085 -139312 -89212 156095 2
-199435 282951 23495 -153776 -72897 -76384 104696 9
56788 372475 128365 -168435 255986 -57003 25948 12
-53188 -93679 161840 -149330 -133997 -87325 50972 2
175398 103154 149108 -20938 -155522 -78237 232906 2
-108575 -210352 32451 -202292 -92997 -78661 146727 9
-211474 370997 161232 -182128 -94971 -60936 98678 10
36438 -184637 181962 -155608 127454 -84839 112216 10
174340 72658 30824 -315915 -107271 -65666 60800 14
162592 -108984 204589 -91921 -51712 -64594 321608 7
-72999 238257 91012 -134044 -25057 -82663 88699 14
-147377 127817 163088 -142676 -49862 -87679 56383 10
-8175 -70809 109465 -196356 286608 -72282 -123425 12
71668 83218 137943 -123023 -112129 -81413 -128466 12
192670 20932 14734 -64434 51626 -90109 72563 15
-159274 11412 171288 -196218 76826 -62762 122935 7
-225097 -730 31886 -61672 -49311 -74014 -46742 6
86707 -311031 195908 -52396 -151018 -83572 49732 11
-111692 -279729 198496 -22316 -34091 -82527 265385 9
104174 103653 141391 -118637 -82462 -82354 291717 10
155681 -9155 247160 -108444 -37112 -83804 124743 2
-119510 153903 137361 -41600 -42903 -78002 -32260 2
189152 -19578 164258 -1576 -262026 -76633 179999 2
-41499 102317 126413 -91257 102059 -67665 -84422 12
-132169 -265884 39155 -133029 787 -71254 122555 11
28215 107132 158543 -142122 -90288 -90583 -125140 6
-31951 99033 89817 -114919 110064 -87602 3724 15
371298 -283757 257072 -127459 -163803 -81138 -27695 14
-30068 -103830 82461 14140 50196 -85402 284569 5
69693 182393 190396 -99540 -38211 -58272 -10136 12
-2090 458079 151453 -122060 3470 -82031 164459 10
93473 60638 148693 -140089 -52032 -79032 -11752 12
-114272 307044 175649 -161725 124983 -87318 79598 2
7847 47433 -50907 6444 -44693 -85157 -32697 12
-49468 193186 255385 -159093 -9662 -70064 102829 12
70836 -202710 80637 -175379 20739 -85917 140711 7
79687 -70041 171025 -175338 100861 -83224 69039 12
483 111851 258777 -138460 94444 -82521 -3844 9
77739 174241 -33908 -243321 -199355 -111367 215854 1
-154636 50671 143349 41103 77550 -84658 205509 10
83754 279924 2144 -67183 122278 -82180 124412 5
-46782 95827 78211 -55136 120274 -77275 -41353 12
-37395 120152 178885 -65646 38643 -90916 -60501 12
-172533 -40404 38066 -101194 -102667 -57477 125441 5
-175853 121684 168335 -175080 -92925 -94739 -24054 10
105662 282664 31636 7501 -64187 -53521 -49261 15
56386 56151 234518 -141141 107803 -93492 -43909 10
-302944 248277 26536 -72229 -34324 -91671 406664 5
-78988 139696 128018 -103597 -97508 -83129 137357 10
140585 161865 -7560 -125209 89774 -81838 -102147 14
60062 29315 120270 -61758 -28212 -84678 148607 2
-178671 1068 173671 -33222 -113048 -71886 16516 2
-37134 35743 192141 -198489 -238052 -86984 -73170 2
-359806 103370 197344 -265707 -103136 -66291 -74961 6
104122 -104213 236664 -184116 150849 -88086 -68632 10
84521 -45736 -34979 -196095 124418 -87253 64748 15
-103785 46215 78075 -191698 -4279 -72053 183265 11
-9110 -3438 26183 -74701 -129216 -93018 46618 15
32483 14295 19727 73873 77704 -70787 117642 5
-75672 103860 145932 -111691 38996 -104358 156897 10
115691 37154 65704 14897 98597 -79541 41948 14
-24250 101997 122925 -116613 25829 -84751 240382 10
-53005 -25883 22515 -50730 7649 -71803 27353 1
128087 142475 -44792 -112408 205394 -91413 30040 15
41974 -135260 225652 -262796 -125417 -69261 67877 4
-73629 232284 254941 -158279 37994 -86167 230062 13
-58481 33009 103976 -82592 -133069 -77880 -152999 12
100470 135878 56245 -184073 -180998 -96695 137503 1
100815 -121113 188504 -49449 -44233 -99314 202249 1
-20106 2869 91052 -51781 19499 -82532 -153694 14
11313 -53995 160911 -105895 85677 -64478 76712 12
-252429 31328 109358 -115806 -32667 -80111 -117744 8
118073 -204027 -9960 -97835 114071 -73626 -75126 7
201363 76097 159786 53710 -117714 -87117 269814 2
137103 100178 142061 -2715 15282 -77274 134918 10
-7993 -109085 214401 -118659 76180 -88124 46642 10
96956 141607 271299 29013 64442 -76367 167148 10
-137745 -19328 12573 55298 -260777 -56415 170379 5
22615 207941 136328 -219182 39326 -89205 -169548 6
-129337 11871 78446 -64617 -115516 -97544 150182 4
-325441 208405 118934 -103727 58727 -59438 89315 10
-161676 175873 146809 1821 -26994 -101958 -124703 3
48658 -160365 102947 -228338 73593 -70428 -42459 6
-5557 118614 214017 -126769 -76209 -80336 189349 2
-129758 305919 69635 -100384 176570 -72712 288052 14
40969 -144147 112102 -36832 -44181 -100045 -32156 1
91937 234392 200820 -142315 -44711 -70860 110424 12
241814 -155140 108003 -78942 -36965 -83117 302849 7
38376 -25789 170092 -137385 -61528 -77671 -114914 12
28014 -8973 -38961 -122294 -10619 -75056 198566 12
-99215 216165 134930 -60665 14316 -84807 108479 12
208046 117720 166860 -98864 -1839 -87225 54872 2
4253 -91802 176633 -72063 82016 -78584 65976 12
11548 80563 95983 -131449 11280 -80371 553 14
108559 -47799 133659 -89086 -18940 -98710 79443 10
-73755 52748 217539 -70540 330512 -73679 26021 12
96647 -25436 212993 -228354 90621 -64891 -164416 4
117711 170358 84006 -87163 47324 -74848 333735 14
34142 47663 188084 -116589 -104574 -88385 -22728 10
81441 183899 113190 -101912 -36812 -71289 23561 12
79366 63049 194591 -165549 -7733 -65031 84107 12
136024 192070 80533 -51833 26049 -69754 -24800 15
209366 182091 69038 -225131 55833 -70268 -398295 12
23691 -125868 219047 -125648 84199 -89352 187234 7
-52782 65295 106411 -190559 142277 -60756 -273086 12
18148 32171 273917 -181560 -53423 -70545 206569 13
-136151 94145 115273 15431 50076 -95953 -203767 10
-290595 33672 185295 -133729 -86182 -71099 -104530 6
200 -21414 49997 -192528 -18268 -67820 368380 4
-38780 -34320 101761 -28047 -3967 -93396 363553 10
114995 75895 69184 -124036 29424 -98157 24753 15
40016 618934 238806 -197364 -47798 -79064 53180 12
16622 -17128 149852 -123953 -178453 -95440 -38738 10
-132524 50470 158816 -31714 107575 -95106 159973 10
154896 153228 166855 90416 -144825 -82673 33295 2
223156 -28243 152567 -240913 -85600 -81956 160480 13
-128047 227454 88856 -112819 -33436 -58555 290720 14
-185404 338504 75787 -169823 39934 -98722 123613 15
-68919 -92204 100451 -87365 -63675 -86174 211287 7
-58360 125009 93477 -134469 -187445 -91768 30041 15
191657 95828 50202 -87925 -144528 -79284 -66915 14
123751 113367 19413 -36764 -23235 -77185 -77583 15
17823 116159 93650 -203816 133043 -102443 183815 11
-120793 253043 201918 -156677 -27156 -61042 -176338 1
37899 42154 164356 -69332 24892 -75375 189163 10
-49602 119003 69727 -2365 -131654 -77234 43195 5
151389 20961 193180 -170945 57357 -72892 184317 13
-157745 531 30833 -24412 -27083 -93356 18126 15
-27758 29930 136883 -17826 -257910 -65282 104824 2
-194695 -244089 196338 -204430 22277 -79609 116506 10
58007 -42970 170257 -35055 -123029 -77708 129267 2
-58608 277395 18392 -164412 111755 -81773 115869 9
-117289 69854 100370 -203045 -7805 -73250 249249 13
-99209 -356986 51580 -197808 -189800 -85614 -117480 10
-162752 265403 202246 -78164 28630 -91583 182660 10
63078 2080 86735 -215116 139349 -85937 124088 7
50797 -52973 39840 -129540 -12890 -76688 -92750 1
-185754 -105144 231576 -21075 -44946 -90625 116520 8
-130847 198840 142004 -179223 -86465 -88608 -35040 14
-54281 64898 238383 -127273 -86464 -94838 367462 2
-96601 -107503 204968 -46686 -131351 -76014 124971 8
-2363 42755 195145 -264059 65540 -60207 246678 7
291178 436154 165415 -67877 -63666 -93481 1561 12
194569 -6384 105317 -47543 -134463 -92296 79301 2
282649 -93413 67082 -47916 105576 -64905 -172633 3
158628 -58277 202153 16545 15692 -83402 173415 10
-29878 -174797 216194 -68190 71625 -62393 254479 10
-140460 63018 1026 -193697 130987 -84884 -13351 15
114729 -218779 222283 -132543 -4878 -81888 69331 7
156914 165392 119034 -87684 -80399 -58181 137253 10
-29720 -99388 147988 -59742 -279083 -97341 -9220 1
-61913 -46024 137042 -45076 80249 -53429 100125 10
-8167 -17944 156771 -53545 22209 -84141 -20203 10
-168476 172354 214091 -211962 -38125 -95300 246113 13
-51446 -33919 222844 140131 -54154 -82524 21321 2
202238 -196707 89199 -69007 -45848 -84618 12297 15
-109699 55333 241364 -80161 59771 -91519 -27976 10
10273 -38205 30525 -61340 242658 -73576 181539 5
-174019 118648 74024 -109384 -142225 -75747 149233 14
-53588 64516 299586 -151442 38439 -88773 -118919 6
104006 66569 177023 -138596 -40973 -64466 -41381 12
165492 -29055 84378 -167741 -246492 -68516 -179016 5
316841 -140014 108477 -30910 -99335 -98080 -129518 1
253613 -159119 163798 -143325 -141523 -81440 41110 12
76318 197241 225371 -142977 -78607 -82017 89980 12
-78160 -186563 46351 -202008 67512 -83508 358488 9
23422 70454 150193 -114606 32748 -95841 61317 5
-28834 -44482 243258 -66084 -206337 -59990 309830 2
31631 -80857 116432 -68048 132677 -57230 268977 15
122502 119211 174233 40775 -67749 -59760 -38683 2
337968 8666 185743 -120124 37100 -97012 -10523 10
-42616 -44641 185652 48135 84996 -74223 235927 11
-238255 94216 159525 -94210 81878 -61924 -42066 10
-22495 15679 92145 -112457 -47740 -89494 32378 15
-158689 -7650 31181 -170657 74970 -75058 -220384 5
-73531 -29827 160368 -34089 17375 -83459 369866 10
170161 -35526 28271 -3473 -97508 -58958 26335 5
76393 -169490 20344 -135005 18274 -94522 244071 14
45158 278289 139870 -185520 -88981 -50797 -117951 12
179407 183850 111820 -121407 -34633 -90110 163114 10
-12834 209183 109751 38142 153760 -80776 -171908 12
-65334 -25349 183720 -230613 -98970 -74173 322537 13
102189 63215 111703 -61863 152174 -68412 109569 10
37339 -115435 117966 -31740 132726 -56586 -71973 15
-10059 -9342 25170 -119672 -18044 -68347 231505 11
-8549 33676 116835 -103404 -117103 -84444 -59212 2
-69020 15277 33744 -100746 -164442 -63630 18958 12
-137627 256305 208490 -20446 -132832 -76009 104399 12
51648 233439 15577 -96381 -176559 -54110 -96941 5
141963 -125576 128939 -114910 41286 -81254 -83837 12
63502 16434 196022 -213355 14329 -78847 201589 13
236183 -109034 162 -121443 37674 -75838 295628 14
-23925 369889 161054 -107702 14972 -92987 -165706 6
-133237 -122815 79167 -39062 -39225 -80082 216417 5
177157 235214 192465 -81369 91306 -83416 79943 12
-134219 140725 75987 -181912 99386 -79058 136703 7
-58288 44241 123174 -72130 213387 -72045 79367 12
-164207 -118799 138450 -66314 -35878 -90254 10841 8
-292317 -1686 126197 -85172 182852 -61606 248735 10
-114395 115019 192435 -46135 80312 -77453 96473 10
-11462 -5859 117424 -95091 206016 -82630 201014 10
191986 181262 165089 34566 30655 -77726 62065 10
76376 -16362 127398 -182368 54554 -85430 -366486 2
-31668 139901 194158 -88427 48450 -104930 249709 10
126381 -2847 155324 -238560 35534 -71649 -19620 4
-109430 -86800 184127 -145029 3406 -74659 -2026 12
-127 68594 187709 -129173 134275 -55283 149367 10
3879 -63461 22297 -84444 73149 -79897 -37602 14
-179463 -55753 74493 -1503 91453 -83296 -40146 5
-158858 276386 116714 -22365 50124 -81787 -10711 12
-67731 14415 132707 -86675 -44539 -82769 242479 10
58212 178810 93183 -58801 1573 -83897 124751 5
200007 346062 85330 -46865 -24259 -86925 38229 15
195284 -104792 94723 -110454 93718 -76443 169717 14
-10300 37543 81665 -66301 -42477 -91474 425937 5
-52549 -55747 127794 -100541 -66513 -86841 78020 2
85273 169063 43687 -94507 -167073 -48590 -33378 5
201172 20271 97249 -120635 -84967 -77551 -68941 8
132663 -30071 209215 -56861 -130617 -77821 210800 2
-205717 -164630 171845 -148188 -133132 -86977 156491 7
-127890 403408 113489 -147291 -41662 -69011 -136759 5
-75468 -26524 60957 -59525 80856 -77837 71534 6
-31273 144519 -35609 -265640 -151748 -84885 39215 15
-41768 85784 110399 -172317 51039 -78707 176666 13
83324 103156 187485 -158346 -72315 -65970 -126730 12
65253 -61653 192187 -130107 99738 -73295 -4877 12
-181058 -34692 252078 -113255 26805 -86087 396645 2
69506 226211 124944 -231883 -98480 -77713 20352 11
151840 -122475 113655 -109840 6830 -62729 18330 12
-135266 113523 39383 -104191 -33268 -74561 -179106 12
-117444 45096 87335 -84246 -48827 -79541 90069 14
214230 12205 -26893 -159470 88883 -53080 226382 5
-141160 226384 61952 -103161 13900 -94065 199868 14
-201002 66016 179354 -182998 -96377 -94813 39975 10
26663 -145846 110169 -70489 -8393 -90900 74011 10
201480 81618 129006 -25487 151456 -96686 165318 1
-92096 -163150 48155 -43441 -67049 -88419 205341 5
-88741 -34215 162972 -99493 -145454 -92304 -170251 6
28263 206522 148406 -205663 -34963 -46600 -227883 12
171435 178199 199275 -210074 -33876 -69323 -141989 12
37027 243561 167461 67935 132363 -88899 -131965 12
14981 76589 20774 -89152 170232 -85846 118166 13
44377 -40386 160212 -260260 35795 -76469 345499 13
17638 96710 252697 -84608 -143151 -107689 102478 5
66555 -117577 130333 -44754 -17068 -69514 59245 8
-178593 146380 140705 -90573 -12034 -75359 176025 10
-83431 259899 115733 -141920 -24583 -71637 136823 10
96388 49375 179390 -173557 59078 -71687 91836 12
-271364 192112 173766 -3234 411 -81387 29636 12
139682 317481 20338 -191118 -70428 -91486 136674 13
24112 -6928 70249 -59183 29410 -65094 149032 11
82273 -106526 47990 -80372 9188 -96519 135202 4
255967 199445 98311 -123383 -19379 -66712 -88941 15
50252 293598 71727 -38181 45967 -86777 85597 15
84341 352600 193108 -6295 124247 -79608 121711 12
134591 20494 86141 -65361 -38581 -75585 153445 5
-82983 162551 110013 -172240 -53225 -72040 61420 12
213432 130892 129248 -41818 -69292 -90129 -92381 2
-7587 -60735 166012 -15780 80396 -85430 200882 10
-223639 -112650 184056 -158914 -30730 -78935 -89360 8
-11147 193651 102579 -81498 101518 -85752 -61764 2
68808 -53586 58140 -207769 -46089 -66656 55772 1
-13491 146582 186475 -260901 -155598 -80310 120784 13
-83129 61655 67649 -160756 24148 -86224 -51452 8
231944 142985 110877 -126215 23559 -70336 216777 10
73782 164101 123682 -192621 23131 -79827 14712 12
-17942 144886 121421 -44397 -227066 -54400 37435 2
-26559 86333 102032 38992 -101739 -94547 -57475 2
-221705 17536 85881 -93007 10756 -75238 -142762 12
56922 149788 222694 -110509 48597 -75549 -18472 12
121530 -37739 165519 -189138 -34834 -86130 57317 2
126178 325648 178597 -108538 76080 -84375 -195658 2
43574 -129626 61633 38557 132908 -101239 164958 11
-143317 413157 199953 -173699 -77981 -95757 131828 13
131963 74043 156104 -124926 -45699 -74480 44048 12
8429 101086 204450 -94465 -152484 -93852 -24183 5
165153 -433627 201726 -134767 -60678 -70788 39426 11
-76745 -3589 117028 -86237 245550 -55335 -110114 12
118282 -151395 65794 -163550 42697 -80039 291681 9
-20273 -113851 132575 -145143 -166762 -94487 419300 7
-94727 -51262 264954 -163540 221067 -102452 -54958 10
7394 110647 13551 -19097 77511 -67501 217439 2
-241786 180941 149233 -111048 31481 -66465 358510 10
-21620 -185043 286199 7532 65738 -85799 -208706 11
-206000 -31256 147406 -47451 -163732 -71888 236633 2
-40632 153723 138251 -53101 -145317 -75771 169904 2
123811 -11036 80946 23418 -228218 -78844 65709 14
165433 149567 -4466 -50741 -100553 -85111 -139644 15
125445 -66761 193550 -90684 -16323 -64722 181566 7
-262626 -338621 126424 -45130 92996 -66591 124413 9
19186 26837 118583 -36189 -75157 -85119 67881 2
72114 191958 125913 -189791 153147 -87975 142652 13
258707 147665 223978 -98738 -252364 -72020 144664 2
-100949 142494 98065 -191235 95370 -78653 -79731 5
-223778 -31331 162615 -124280 -66296 -65014 298838 10
177918 -221494 155725 -54477 -78696 -54658 306073 10
-142026 246551 222450 -91218 25547 -64390 320666 2
121158 38339 -4100 -228913 152201 -79256 25035 15
-284168 235282 178177 -96429 82500 -89098 -62797 8
4734 -4689 135306 -96437 87901 -85210 231916 10
-86629 -57923 156844 -119648 -84413 -102965 -96304 10
-149837 91136 105714 20387 -177470 -92020 -62922 2
17429 -11922 9530 -119778 -474 -92388 7646 15
-234386 71772 190643 -53889 51654 -93028 162082 10
-8955 -23113 75226 -114091 -80797 -70440 296848 11
34775 -94772 95198 -257640 -64051 -76289 -117958 1
141390 -33433 183525 -62419 -205864 -56540 16147 2
150855 -177005 244403 -124359 108410 -79020 106392 10
-212273 181066 38456 -112321 -40638 -78973 208544 14
-50731 -34051 136502 -20131 57460 -81069 154846 10
-30978 206639 308259 -80504 -243891 -72298 13084 12
113395 -36394 182734 -300095 222942 -67683 -154787 4
-90946 97612 112637 -175032 37390 -93425 -256447 6
-77599 261152 25129 -64781 64861 -76740 270470 5
-74674 22367 86468 24106 -7522 -86824 24956 3
-89752 158266 131381 -131037 56747 -81996 -39086 12
-255038 -61340 230688 -122787 136679 -92388 -100960 8
-308235 197650 132460 -145677 38040 -70045 104324 10
62525 110035 107003 -6797 -186370 -65175 6072 2
3937 271043 55132 -159127 -8372 -93018 299714 9
114265 -40176 139369 -214764 49911 -77209 86062 3
131414 62854 109296 -147914 -46115 -73902 124134 10
-38 315452 64592 -61220 -28248 -75183 303919 13
331530 128482 176362 -87228 -9413 -66763 -90631 12
53238 88586 156842 19371 85800 -99395 371604 1
-46129 98102 211231 -130447 93123 -82041 -82533 12
96964 5927 228122 -64990 -31052 -64217 15470 2
-290658 73342 81879 -208601 4697 -74278 304826 11
-82717 5280 174259 -119849 55599 -71589 156922 10
137511 124942 176756 -134248 -11144 -115614 -5274 5
52254 -12190 57550 34855 23648 -84772 116138 15
-150209 -64739 158554 -113132 -39354 -74643 162596 7
231449 142158 110662 -46590 -197017 -91142 105299 2
108274 -99355 54389 -167335 -76247 -67311 271908 11
148910 -144641 280177 318 -176284 -65966 311981 8
-101580 177831 283028 -1448 -31672 -91758 -301092 2
-34841 -25436 244091 -80012 -101308 -68666 -55675 12
-208802 -270359 194391 -29634 53419 -75909 21323 1
-128217 352494 101164 -70050 -211753 -79105 -13731 10
161260 101399 53692 -14921 -122802 -77153 166062 5
32884 27043 -40274 -208751 -189455 -81473 109335 9
72799 169268 173479 -93334 72486 -81151 168992 10
180357 -52961 101288 -158585 -32975 -78912 72002 12
16046 335337 154211 -69405 4434 -78854 347283 12
-217336 -161060 68803 -208059 -51900 -91664 82698 2
214224 -53637 37794 -84410 -73061 -69926 -95700 5
183885 108660 57713 -110818 36475 -83472 -18670 14
161104 -22997 149653 -65709 36579 -72117 40536 10
-74259 -47217 181904 -140336 -124017 -75111 -29825 12
88189 210174 114376 -62649 119730 -67701 17466 12
154481 70822 94580 -147340 -201412 -79598 256851 14
-27705 117694 84574 -110557 -136663 -86923 98627 13
226937 -43584 121862 -31266 175629 -60075 -86991 10
102941 -358339 48548 -75362 41987 -83288 -88935 14
19079 51171 170227 -140832 24405 -86317 46189 2
-259873 179822 111734 -149241 86500 -101396 241892 10
144553 -98036 141626 -43449 -172297 -73382 27486 10
-99752 225569 171421 -169272 -89011 -63122 232191 4
-17567 216690 204330 -117772 94423 -96400 82319 5
96587 107286 100678 -72978 -81113 -84129 52126 12
82668 254077 113213 -157523 -194278 -66969 546530 2
-57705 -37408 79831 -63482 39734 -73481 7512 1
-270221 -56296 178931 -220277 -62503 -65135 303763 4
155296 -310319 127112 -108231 -71640 -78103 461686 5
72967 113040 129259 -28669 19370 -92947 273424 10
-232729 426979 163762 -112478 -67765 -83356 135354 10
12355 -164198 186072 -164000 124718 -81881 47834 12
176204 133596 192028 -144004 -45650 -86618 161215 10
-21782 135900 79859 -120446 4816 -70619 203671 12
-141140 30381 97039 -98887 -26330 -77234 83993 12
-25374 67185 91130 -86863 50786 -68007 -99150 12
-26404 54003 28675 58487 139583 -90052 -226747 12
-78740 47688 135077 -148003 75873 -75021 236243 10
-94588 107218 203189 -11001 -18009 -80201 42764 10
-50934 -101661 211955 -151839 89979 -69282 -45184 12
-167746 -216541 -9818 -257423 11658 -80952 -176765 9
-256575 -86370 119826 -121600 73336 -88509 234751 7
-355669 -138825 103459 -171404 -58750 -71729 442902 13
34215 156586 98505 -142131 -61437 -74395 106581 13
132056 -61872 139970 3314 -192210 -67936 161421 2
-18974 2148 118148 -139943 -227693 -60018 -44241 12
-84617 251698 102830 6991 -123753 -79422 189188 12
-147254 242753 38586 -71155 33782 -76606 82799 6
-1695 138232 3305 -109922 88206 -89256 227715 14
35461 210293 154988 -93889 -50676 -88625 290072 10
-199706 221625 105413 -135826 -180917 -76332 -230402 6
121153 -22451 22166 -161543 -202639 -87195 285328 9
89647 -27438 64602 -246242 -169764 -56028 -127587 5
-163949 99425 142035 -75483 -95877 -67145 50825 10
14883 -21403 121364 -148547 35410 -84439 80891 2
152106 -165974 146906 -183706 -18831 -79313 212357 13
-86989 -106678 167493 -152995 -7728 -92380 -116038 6
-138330 41125 182100 -139321 -78328 -81302 -49944 10
-307796 -152408 163494 -5571 -105962 -71056 84876 8
-55029 159842 115827 -118382 112988 -73305 197350 10
192405 121745 57276 -88032 -117981 -80350 -129020 14
51565 -5452 85432 -68638 90948 -51399 -17848 7
14273 -60521 101810 -79067 -292310 -74055 223763 7
324004 -17847 184280 -80795 -103848 -92794 -220710 4
-61854 14603 27367 -111353 -56053 -59149 166045 5
242751 66201 241652 -198090 7324 -85307 -78395 12
59970 -223504 128858 -264893 119781 -88972 -271645 12
76831 246146 106887 -104292 118675 -67763 72136 12
274830 -121486 -32446 -207722 17017 -71431 84293 1
-43466 142137 204391 -81060 -172979 -111597 59096 5
52554 -148461 146951 -256029 104440 -69377 -13424 4
-75480 98357 55450 -200404 64177 -86858 1760 15
-99418 -106866 -17434 15999 62861 -86838 156168 5
-101106 10145 75568 -47358 16474 -69064 282999 11
213643 60531 141140 -59734 -86455 -105841 130130 1
111588 127082 135788 -33344 34322 -77900 -162342 10
117890 -226550 184870 -96270 35778 -107786 392297 10
-105257 -60149 -45888 -245468 24391 -90621 56606 15
76489 100120 3686 -1308 -62162 -111018 166746 1
-52572 -134398 140519 -76407 126685 -80256 283479 7
246562 -4258 139469 -143878 158895 -70968 121320 10
-140376 -53353 101959 1853 156887 -90269 -51993 10
-229352 78369 176181 -209748 10728 -62128 -37740 10
-10026 -61617 62426 -168794 51318 -68655 -8589 9
32307 90149 140156 -79001 -11782 -105031 106655 5
66781 120319 161567 -103410 29732 -92100 237477 10
197275 -41380 119859 -60086 98346 -67519 479515 6
49202 177486 96865 -130280 61248 -92099 75026 15
96529 -62688 117598 -106433 -25796 -74329 235852 7
35464 70750 135402 -226532 -114135 -67765 -143518 4
57172 139729 199824 -99506 -44053 -63103 -85627 12
-176656 25159 114373 -158122 85292 -68810 194270 13
207783 123300 191774 -110176 -296185 -92457 41778 5
100347 -7432 111162 -26019 -230673 -61072 -183677 10
-63415 -34930 132383 -127742 -346763 -93277 129553 10
130955 262461 99522 -40348 104253 -88147 311519 5
53340 -160378 51288 -148831 -49442 -70380 2488 1
7913 294520 172326 -113079 -2344 -90730 6164 5
-134292 132202 73119 -67228 -284842 -62850 -59560 14
-103421 157009 173767 -110197 119726 -76929 -110598 12
10185 134668 80470 -232000 113766 -73644 -37252 12
153199 200512 109251 -7279 -21076 -87556 -39144 12
42348 -2636 145954 -102243 -63335 -76170 366366 10
-139264 -373664 150671 -225731 -26722 -80866 129353 10
239371 -182037 163138 -190241 107211 -56976 -14391 12
-170231 289229 174355 -79855 52260 -72733 3572 10
286140 -46317 50625 -212977 36016 -93345 169716 9
183883 190365 151643 -142024 61481 -83013 -37026 12
22058 40591 88199 34367 -25141 -71076 119903 12
-214891 157325 93826 -66612 122947 -98010 122339 15
207152 196506 183670 -85065 1483 -92073 64114 5
344 21425 196329 -154537 81755 -86769 -137596 2
-93650 -52650 195286 -31567 8853 -105057 -80680 1
-183145 154492 57449 -113138 88370 -93089 41139 15
163182 131546 228353 -150400 73979 -72168 364261 2
-50304 -48332 202109 -56251 -121460 -50590 227892 2
178179 147426 101369 -225142 -15043 -75769 66947 4
-65214 -117252 -61483 -174755 69978 -91209 -21852 15
51899 229259 96899 -144984 -86700 -50427 -189623 5
-150195 -203419 94863 -121897 -109885 -101758 70384 15
-4527 -51518 121545 -156984 -123325 -98777 169575 13
130848 81581 66901 2528 76028 -62595 16385 12
-294994 161132 201837 -104992 186039 -78688 319824 10
-50621 81702 33237 -69258 9806 -96727 87110 15
82741 30128 218908 -72636 -209148 -78389 150671 2
-64465 109945 117202 -259736 73366 -84477 -13688 2
125282 -36181 104502 -43171 -91897 -92572 22245 2
-232661 -125189 110834 -106875 166768 -82010 -44876 10
-166445 282798 157048 -161110 -78358 -61266 -127979 12
153271 -77106 95220 -198351 75245 -85485 -74176 15
65048 151502 134018 -108730 -69653 -79467 -130167 12
70332 280204 32826 -177299 75773 -53914 -62065 7
-7286 79149 158440 -101327 -74984 -84959 -34292 2
-253112 -21824 146223 -129903 -76390 -74573 7501 10
-39415 -48361 17404 -158764 27559 -107331 14724 15
53411 70753 131613 -105643 -111860 -93345 192604 10
-323134 177829 120722 -206683 -25986 -70505 93367 10
272136 120814 76605 -44542 -12672 -59329 148321 12
-106648 198133 56402 -74263 -62558 -60593 28010 14
-66735 -94155 143092 -164887 17716 -52830 22004 12
51883 192561 119974 -203331 141541 -75831 12313 12
297150 -66444 106104 -206339 -160519 -61103 -232483 12
154660 -82525 78156 -152637 -66117 -74946 64453 1
48359 18686 17575 -45170 146072 -97045 209341 11
49096 258094 142203 -196322 -43940 -80574 224141 13
-86158 -85769 82337 -87224 70782 -70457 297984 11
183541 -136641 167212 -75137 138243 -61293 93424 12
-156333 43743 151066 -85931 132684 -105156 -12395 10
18714 30045 162199 -19136 -72970 -58035 251024 2
-131102 162906 124494 -50013 35392 -94757 330229 10
49322 9852 86677 -98963 87539 -82762 -31145 14
211525 175690 163161 -103701 -20009 -61907 -150574 12
196749 107867 209319 -24213 -6430 -63924 290616 10
-58450 358444 267018 -154782 -213560 -81866 172635 13
203493 110010 163413 -84634 -48449 -69721 284204 10
196232 -84094 128732 2662 106816 -90134 42497 15
-80691 -245380 160616 28791 -11140 -87554 -129780 15
-43961 57963 258035 -66725 97779 -83678 187307 10
-9434 226725 195621 -86557 -88460 -66124 306414 10
69727 132993 36647 -29837 -73749 -69792 152883 12
-55639 -38767 149071 -110865 -15424 -81615 199548 10
-216023 137300 56869 -104081 100083 -95088 11918 15
-180916 -290584 74275 -179410 49111 -100568 244701 10
149679 -517895 115778 -95386 8931 -90863 170916 11
-49322 142207 171186 -117611 -38025 -83108 6177 12
331525 -302294 158001 -109636 40967 -98448 225673 8
-91201 4539 -14347 -292127 28444 -95907 -96875 15
-62467 69734 58909 60959 146051 -79065 60173 12
23180 458896 39218 -166476 11150 -65720 19394 15
236298 159391 17517 -190351 -49581 -80175 129443 9
-53561 -193780 178102 -78619 -142755 -85265 132988 10
-82303 -219680 119332 -146823 -80205 -85831 -135708 1
-118723 256785 132834 -23949 180 -74470 -286864 15
-3237 329455 185602 -65431 -69776 -94760 172110 12
-241522 96090 184307 -185990 -32396 -79128 185106 13
107532 -265885 193013 -53288 -67866 -79351 396868 10
100777 -28793 83385 -193582 -122531 -60931 41103 2
-53523 -183365 97581 -157242 -21474 -74278 100203 11
-75327 -6850 33144 -71613 -204125 -101738 283468 4
48677 73021 134876 -68380 154135 -56637 178890 10
-7344 -87307 131006 -13407 -99946 -62623 86737 8
57222 236755 106510 -39498 -33500 -66972 20051 4
261080 77751 132924 14947 -217492 -62982 238938 2
192575 -23526 166744 -8971 -73223 -91106 159059 15
157287 142624 94110 -165744 -7477 -98084 -62996 15
67456 -69102 -70433 -59967 -85719 -66459 -204065 5
188143 119547 115938 -7065 -178424 -73645 -75002 2
-657 -138518 170934 71218 48589 -89043 99903 15
92005 -275476 162426 -67993 158696 -82298 407199 10
32430 180870 67888 -107090 60999 -80334 12283 14
64149 -76136 129780 -179025 -76029 -74778 216450 13
48362 33678 -3200 -159367 74190 -94350 -5863 15
-10098 174307 277481 -87490 179149 -80460 183250 2
108993 -249177 148066 103305 69249 -83858 -79319 11
-128374 114542 185671 -62802 -26947 -99115 -127076 1
201906 -133447 196564 -11828 4547 -73012 411728 6
-46627 -235303 217572 -16947 83153 -89123 38316 11
-71154 322706 159418 -53812 -17245 -65285 202266 12
-163272 -91541 133567 -228765 50910 -81796 117196 13
25637 179169 112295 -12424 34969 -45291 169049 10
-38848 -186981 86783 -155560 -5527 -76355 -12232 1
-34662 -8533 59409 -27896 6746 -66759 346382 14
92319 -5337 81830 -118954 30971 -66372 216567 11
36408 -210117 220519 -146087 56757 -84423 264090 10
75773 300163 22622 -106237 17805 -69726 -2540 10
-333266 23797 38428 -112942 113487 -95438 -49470 15
-75429 102214 59242 -174949 47149 -66387 -56541 5
80053 4578 278096 -108211 30402 -87772 61406 12
63935 190330 105789 -95248 -65669 -53644 87814 12
-140272 -102663 247119 5383 32399 -102884 8414 1
-58928 -21874 112879 -99189 64310 -86237 -26938 2
215780 233966 -42103 -39287 98297 -79826 -197502 14
-8161 -16051 204934 -178545 299 -87192 -34174 2
-26505 223335 113432 -76841 35755 -87491 201759 10
83840 -16084 252744 10895 -39300 -66543 354377 2
114742 -15790 69918 -86324 26137 -67553 324894 11
-294 -62626 -20339 -175948 -150865 -103615 -64853 15
63106 191702 126213 -114507 -150777 -79252 325254 10
127334 33522 29287 -50804 -32378 -84405 -146262 15
203733 -95178 135923 -186589 -86898 -88261 310897 13
171446 23940 192131 -68981 -75568 -71058 -45378 2
-32663 153424 84241 -113923 -127239 -107295 -42275 15
228547 174953 84130 -100341 -93911 -75787 238735 14
62237 209040 33989 17376 -18507 -75847 103375 5
-138904 143923 159207 -108141 -175764 -92231 -7989 10
91795 -55364 80434 -194741 35305 -63543 7253 1
-37851 31267 145526 -68201 -54368 -86805 -86363 2
286303 -412137 77018 -145638 25097 -83304 211880 14
164554 -98227 90557 -103641 94644 -65937 252666 11
-11392 184193 -22102 -90194 54791 -81026 -138308 14
59598 -1018 244191 -179837 45152 -103417 100614 10
-105174 4322 16461 -124694 -98793 -93848 200989 14
-229895 76294 70576 -14777 7550 -64425 177666 12
-176737 46289 -4458 34936 13865 -72303 214817 5
-72286 -23129 211694 -59654 -104242 -63899 270467 5
267449 -53348 98230 -64276 98989 -89256 -25662 15
-154239 190073 186665 -112917 -32673 -76009 -233365 1
-141814 302252 44222 -80335 -159306 -39541 371801 14
233750 82943 141818 -119639 21523 -75818 237569 10
41311 153710 172929 27086 -145396 -65197 133971 2
97306 65545 42017 -64634 -29915 -77130 -119803 1
43763 -270647 -25332 -109938 20970 -80960 -256165 14
-66212 -124488 113090 -137713 25189 -61797 -11409 12
-28553 -72863 109343 -75200 24824 -70176 226481 7
-46120 449950 146896 -220704 87709 -80861 71951 4
-121887 118022 64605 -132475 -52030 -52039 28610 12
-42243 -27856 85608 -125909 43706 -86261 210823 14
48845 -61062 193409 27884 -39339 -62415 139186 2
-116637 -307566 12361 -212047 1488 -82549 -176885 9
69582 -13724 37477 -23316 46986 -74390 -138686 3
53627 -48675 137666 -15533 23082 -95798 -53717 10
-100266 -81932 10685 -77346 48948 -85688 109112 5
-56905 198019 129894 -141790 -107866 -68676 -147236 12
33616 177745 181141 -99128 72371 -92083 -322280 5
-16182 279988 156165 -83193 -43051 -79932 -139831 12
-40430 -223928 -10940 -81377 -55412 -77290 -10467 1
111402 95419 10992 -102850 39004 -77681 209769 14
157178 142016 91304 -147202 -76783 -94836 44080 15
160804 50222 122261 -86241 -81539 -58889 404707 10
148073 101381 274120 -62227 -31612 -94632 -902 2
-213073 -154286 118697 -104980 35972 -74570 21364 10
30300 -117262 195226 -135220 67654 -72866 208436 7
47596 94057 214551 -102769 272620 -80251 75368 12
79825 -7565 223530 -178911 -66298 -96878 -39906 10
38350 -222813 130401 -51660 -53894 -76720 122001 5
-124896 -238963 91739 -137473 -125859 -86046 -469 15
243974 8402 47899 -122000 -152221 -95815 333836 4
53077 -24366 30597 -112395 101940 -86960 76829 9
63906 -362665 97159 -191221 16292 -83380 6593 14
174546 -79135 72339 -49831 -77146 -84727 76690 15
225462 323747 79496 -35938 -106258 -79700 4183 14
63815 -4694 153946 -135164 52859 -77060 39035 12
13517 130193 84015 -161098 -183512 -55501 -153265 5
-3481 249421 228140 -23742 55172 -75039 2391 12
115721 -16343 155346 -132947 151450 -55258 124231 10
167379 -137010 68983 -157744 -42476 -96591 -82607 15
56405 114147 47454 -19520 -6896 -86669 -281390 15
19305 -131605 47681 -129361 26550 -82195 -22636 14
-53069 107176 4182 -49357 -265931 -45288 77199 14
-77856 121436 178015 -122069 113608 -78999 -27286 12
-964 60171 50786 -146181 -61777 -97881 69025 15
-105379 122455 172129 -6418 51261 -84760 88918 10
-198302 -139749 140475 -153891 36227 -78477 42546 10
-11201 -249454 53576 -48373 -82492 -92504 130364 5
-157682 -12601 236532 -104198 -79284 -82712 341357 2
-80866 130517 190645 -81551 -313090 -79816 -83820 12
201765 174477 92397 -60243 -252078 -100836 -151379 15
87354 31550 139699 -170299 -64252 -91888 91293 10
-2009 85027 136258 -12611 19672 -71128 43393 10
77218 -42432 38672 -71091 65497 -76922 157643 5
-51359 90202 153637 -65854 198463 -77786 -372249 10
-10063 -117567 128743 -155682 -58162 -91692 258961 13
-57686 92991 98220 -43902 -26998 -64097 -172802 1
-64010 89159 145811 -80644 -97470 -68171 206583 10
627 -225879 214606 -45292 99668 -75197 -186178 11
-27075 -44052 105932 -184227 77093 -87985 125456 13
-160716 214364 162310 -70895 -167522 -94006 264525 10
108955 231173 177970 -46267 -172414 -91469 187012 12
-282421 -60035 128592 -110921 -168650 -61825 76061 10
44197 334252 42191 -143344 39414 -54298 43933 15
-80973 306497 116611 -156257 -182881 -77313 70180 12
-2578 211468 127064 -104453 98746 -89734 174653 10
-240906 -21003 197212 -113896 53329 -93988 154160 10
-133445 81428 110993 -17129 158664 -66689 271530 10
6327 30328 94533 -201177 -129696 -60824 -105314 5
17609 129019 -7637 -74637 -5464 -77679 66649 15
19187 175237 92929 -249583 -18577 -75727 244450 7
4405 12707 90120 -119780 -53484 -94825 231439 4
32000 243874 89876 -191638 -24246 -73400 208885 3
-54611 -145805 61240 -15987 -111686 -79404 71110 14
14614 92544 54010 -192499 66733 -69421 32699 12
-54479 -8074 209436 7191 -76276 -74270 93430 2
29993 -27603 224072 31177 76594 -74725 173917 10
-85110 94608 238804 -183902 85070 -79420 243552 13
247150 -273263 289907 -185971 -48820 -79955 50342 12
-56029 125294 14399 -2145 -55384 -84423 118595 5
156745 -163386 56765 -124985 21459 -88790 9267 15
6605 -49210 56964 -104254 22174 -95267 -65851 15
128140 -53159 256217 -54284 46702 -88750 135716 10
-170911 147330 38005 -69552 152708 -70056 -198638 14
32528 263599 227977 -96632 196434 -63254 264019 2
-55236 288870 177277 -164814 -40882 -87692 130854 13
-32321 -50159 221014 -38313 77581 -91467 73101 14
-143365 76989 -58160 -150572 -14111 -68667 65368 5
-81672 7498 134023 -258405 34160 -78899 281387 13
134650 -286323 214587 -60309 199721 -81487 113514 10
24717 447605 39204 -106466 116835 -94487 411613 12
319683 9786 224204 -37833 -14770 -103814 -426849 1
302431 110729 205407 -99110 168842 -85426 -85848 2
119502 -64282 108265 -91228 -98793 -83527 -32086 12
159452 -166763 11156 -64383 -33622 -89433 36002 15
-82825 -62527 213519 -98711 11471 -81408 -85638 12
-70964 135488 187760 -92153 -19045 -80404 118073 10
234015 72817 276197 -100693 -131741 -93415 176349 1
107074 15512 69793 -187221 -145924 -51203 53181 5
-120755 39503 59208 -197189 -146377 -74827 213685 11
70449 -135663 147841 -108777 -55443 -83193 214512 7
-42725 28599 209428 -159419 35979 -77120 205195 13
241402 45969 134144 -18128 2091 -88791 -102639 7
-113455 -141878 72643 -146793 61136 -85180 196786 6
154591 143703 175687 -148640 -88290 -85783 -180966 2
-183404 227458 385243 -94760 55160 -80910 -193816 1
66659 18110 153238 -113826 -132403 -85400 -44014 2
218237 -338353 199763 -136860 -97039 -102706 124855 10
-52588 55900 92242 -81926 935 -77978 93403 5
-94916 125192 150268 -289001 -111566 -95398 105458 5
58813 -51496 48422 -21743 9344 -55633 8826 1
171759 60914 172949 -292176 298178 -68276 82775 4
-67964 120437 196377 43707 -161180 -84504 -28800 2
-52786 348118 149899 -217455 52409 -94699 -185270 6
32695 -147487 189880 -41275 -76815 -80082 -21830 8
54241 273891 217741 -66516 40693 -72244 343831 12
-96750 82720 79768 -87461 10405 -75916 15677 12
-184339 172352 109079 -115614 142150 -61517 -38281 10
229726 79483 154780 -87379 36284 -73787 155100 10
-84591 -246320 158955 -131698 72006 -77806 23644 1
166263 81279 -22892 -77116 40461 -77355 202890 5
39171 226393 125104 -105990 15487 -72915 11291 12
-35558 216835 180578 -53208 -184837 -67422 -81826 12
126228 -65276 171805 -149253 -7868 -57726 231078 7
-26810 51888 68840 -158972 -36836 -97039 470067 1
-262923 -213338 74885 -134385 201147 -75676 -113419 10
-50318 198181 38950 -223809 18954 -58695 172295 14
243065 180550 156617 -23046 108083 -90224 41682 10
-261011 61445 151702 -274689 -97799 -74864 305427 13
-141465 36522 51580 -171116 97970 -65032 -61409 5
205154 -35045 133563 -101771 23131 -77326 196165 10
-184359 82367 212566 -78583 -109466 -70637 117095 2
12303 306573 126305 -175671 -67863 -53902 129998 2
-32336 -11869 16568 -265629 -24015 -102594 -2000 15
-90975 -242901 232121 -57420 -70959 -62775 -58243 1
50486 3076 64107 -161855 7005 -96117 18069 15
-119718 -7249 77923 16605 -111006 -75185 119271 5
39799 -230079 63583 -11655 28943 -83658 -7234 5
-70619 176169 -11703 -82775 40124 -81836 103228 5
119375 275614 66263 -20169 -214478 -94802 139260 1
-132343 293127 147736 14354 -105027 -80517 266179 12
95341 242190 127252 -54374 -98075 -66255 -26242 12
159036 -262308 -9192 -163768 -39844 -92354 26125 15
-81783 161902 176766 1436 131513 -63440 -129861 10
30576 -133702 -32432 -193797 -76992 -80769 122055 9
103760 106699 149796 -48500 196407 -80960 110671 10
-66789 140048 46984 -129905 -30777 -93202 281239 14
210321 83969 185552 -44050 -20096 -65763 -12807 10
64782 158602 230437 -121960 -57408 -76526 55182 12
-60190 -36400 77954 -279392 -195349 -86393 621791 7
2290 48899 3146 -85535 -25347 -91303 121599 5
69874 -70612 217140 -92399 93129 -97365 134750 7
-127939 90511 140731 -159668 -6331 -77289 -179462 1
22297 20914 182062 -31768 -104540 -74887 139108 2
-43093 -56252 155920 -119316 -134201 -86946 36403 2
-12324 40515 97932 -34929 -90565 -108631 57776 15
68062 -196452 183895 -48208 16731 -75859 -189976 11
122663 19441 174318 -138517 -60439 -93414 40685 10
109689 -172856 116095 -52257 7034 -90257 -128441 11
333928 -188082 291909 8899 2504 -79350 147852 9
141648 96763 144042 -113992 31582 -70465 45048 12
97288 -130718 177930 -120167 14487 -62038 360224 7
-127004 204053 186293 -163510 66215 -91670 98660 10
107146 142017 8462 -137519 27582 -74336 -134092 15
-13629 149602 192860 -114116 210335 -68986 -113765 12
-65662 1927 135583 -134001 -202386 -83876 -166707 12
153758 25864 150481 -53893 -81592 -88949 54663 2
234124 156547 110310 -133962 42788 -59715 50913 12
-52009 -267930 128343 -103787 -78726 -100704 186631 5
-50286 14110 190391 -17548 55911 -69199 -202563 10
-129221 171258 50866 -109128 -47624 -66217 320855 14
-157055 171308 111860 -184988 -95667 -65091 55012 10
-13854 271535 220828 -171876 -67920 -94214 -57010 5
-38464 -110077 73347 -178453 -211746 -84804 -21629 15
46150 -41551 163300 -151846 1212 -65312 76187 12
79148 74168 103935 -110788 -20555 -73275 67557 12
-128937 -36495 179023 -89759 -47670 -90092 -187173 1
-214394 -16425 200894 -77891 135845 -73684 193528 10
-132966 123536 112140 -113701 -55932 -94339 -117730 8
-73463 -51230 130636 -134318 94039 -89928 -276584 6
-28576 23590 93092 -82138 62142 -77754 65802 12
48866 -56745 11306 -227002 110327 -77456 139722 9
90768 285821 164803 -98585 -26158 -82604 -379586 12
92455 288451 5388 -138339 66901 -75293 117028 13
17684 229388 104714 -214859 -111936 -52448 262360 2
-24914 162576 106741 -128695 11129 -84499 61698 2
136972 120587 149595 -54566 -94858 -71379 -105605 2
-104763 105663 244663 -176485 -100252 -84619 51455 12
-111907 -258092 67886 -48998 -32826 -76488 185946 5
153039 -47018 134583 -90284 -8128 -79021 -142636 12
57983 165052 88099 -150706 6461 -98731 299058 1
16556 78265 39393 -214358 33904 -73711 -14762 1
79231 -58187 123268 -125461 -114991 -98315 -107236 10
-193054 14230 95965 123559 8639 -78012 398906 5
-1955 104989 206768 -114529 -38711 -58487 -151813 12
-96230 59303 160629 -213755 -67145 -59545 -24798 12
-38471 -31861 37463 -98454 160350 -68401 -211289 7
99063 -11980 109909 -61563 -63618 -80961 -56285 2
-179450 437023 117488 -197908 9413 -101578 84357 10
79933 157886 91817 -17905 114701 -67048 309024 2
-90908 -49617 73769 -45766 88434 -80095 -12001 14
-217375 21367 59083 -59341 -20616 -78363 160089 5
-54351 262187 47015 -35539 201799 -55500 56279 7
-44930 110112 168555 -36881 119322 -89224 71170 10
-64832 199280 111207 -152964 113114 -73859 46206 12
83205 83114 227317 -63451 -210005 -97618 -115 1
140238 253068 101379 -144567 17280 -83344 -22822 12
-153749 183589 84139 -136820 -39513 -40372 466111 12
11128 34840 11710 -11531 127569 -74187 58958 12
-82783 408034 197417 -207100 -106092 -100041 256961 13
-147868 134763 150942 -20015 277423 -91477 -110194 10
-45287 -23344 74592 -152732 91688 -88751 -84310 15
153045 -25601 -58483 -172591 -9472 -85944 -114953 15
194273 430649 50466 -105118 115870 -76750 54786 12
-43114 -99747 168540 -109122 152555 -65478 266663 7
118052 -50574 181377 -176589 -111406 -93715 136326 13
108719 -8401 53243 -19873 62774 -75422 113595 5
92569 166742 192053 -140486 -64998 -90868 372352 10
-100510 10692 180003 -17530 36451 -66746 252697 10
368661 73558 194984 -187964 105284 -107487 -126471 6
-37116 -153319 178339 -136944 82472 -74283 283416 7
45076 -210860 -8343 -187833 -4789 -74479 38313 1
56302 325970 211510 -157042 -13316 -82717 106051 12
62835 318008 112518 -131787 11029 -85575 33842 2
-27098 200155 183837 -140543 17720 -70054 -60013 12
329222 -120407 172271 -20485 -43487 -91163 -25897 8
16950 39653 184724 -145908 -186921 -72116 13598 12
30759 -68188 86992 -205564 -176259 -83864 272451 7
-79081 34323 177196 -116095 60637 -61949 126500 10
73965 49268 41250 -154498 -121865 -71429 208200 12
2653 189995 68922 -252285 2063 -65248 -18672 15
73161 -118611 156174 -41067 -97865 -88088 -80911 8
9639 87013 172481 -180344 -127466 -56277 304956 4
-13454 75328 89282 -138383 117607 -68266 -6734 12
-114014 -52570 198036 -109731 69833 -78454 52348 12
-147160 119953 100912 -194414 -26586 -65421 -120142 1
92171 133919 154182 -231576 -59666 -82983 -75680 4
-132964 108705 104129 -86465 -22427 -77384 150284 10
-32344 -121041 79640 -129042 -171799 -70123 -13380 5
-5310 120520 128169 3527 17152 -81750 409189 12
-134575 215032 76278 -70356 -105502 -75513 36739 6
-119721 99891 45765 -56551 -186599 -90775 67007 15
111139 97896 97492 -105159 54061 -77035 164099 14
19947 -169892 191327 -65179 -30473 -89459 156138 10
112684 -292062 68366 -116437 -219543 -73234 78905 14
-134875 82055 81086 -23001 139452 -88408 196563 5
-102494 125269 104392 -272269 52508 -72544 84840 4
-10640 2303 299829 -41014 -209194 -88929 59620 2
-110372 -16188 45534 -142941 144120 -81569 218948 14
144175 44277 264908 -146748 105443 -82723 -28663 12
-8198 76700 90705 -125038 83659 -79448 104757 13
240952 29402 130448 -210241 55334 -81677 179836 13
-164634 -17446 41898 -117461 -73318 -94618 54992 15
357120 88026 244444 -165755 86606 -67758 58044 12
80209 -13338 67279 -130451 264256 -61501 -106987 7
-210621 21558 231702 -55437 125104 -77445 191067 10
170944 -72579 199715 -203133 99677 -79652 -52994 12
-60871 -129152 154085 362 -65251 -84377 231196 8
112139 184621 195005 -114082 -209113 -97149 69438 5
102696 132801 -4612 -72015 153296 -51994 112395 2
-228598 328637 144072 -178917 -76970 -71514 261817 13
126304 -151818 137372 -98447 29322 -68006 12374 12
-205847 39176 -2906 16087 80309 -67852 81112 14
-108060 224295 106860 -172086 -48218 -95420 -82763 5
255014 -80006 91997 -23897 -146617 -82960 380766 5
-113478 126967 164392 -106436 -9896 -88062 -203060 6
-126088 -75755 231631 -179811 25842 -80569 145171 13
97249 83708 139847 -175026 -4328 -68200 100561 12
-4506 118973 115412 -101040 -169782 -82781 -144487 12
80583 -233317 77068 -220288 47794 -88159 198934 7
94462 -13336 152265 -121408 -89976 -77156 63553 12
-378439 -14679 210445 -109224 8791 -84577 149065 2
261692 174203 266637 -172053 31281 -70515 190782 13
-127259 310053 65294 -105481 76802 -55597 149049 14
-23298 -255904 224970 -23924 196305 -80460 99506 9
-153117 20690 255211 -12498 35640 -89162 -154803 10
-242865 29997 162807 -10143 1584 -84576 93075 10
20639 73594 111479 -141262 -75721 -79480 228019 10
48573 -102776 270021 -50640 -40158 -76882 -16693 8
-192205 109289 169875 -85721 -4155 -60712 -3593 10
-81085 82870 119257 -136321 78201 -84656 295816 10
43136 212997 143212 -210436 -134114 -74888 -152341 12
1114 -72344 -1225 -76959 34402 -85723 1074 15
125606 39776 74435 -168925 70644 -45938 101803 2
32118 198236 110797 -45963 -43832 -95820 -96417 12
173045 -367675 219353 -145684 -9757 -77254 -122699 12
-82467 122983 155888 -171747 91541 -72763 327419 13
-239153 101013 60580 -113677 16783 -84228 3737 15
35238 231884 111726 -202915 96496 -80266 345502 13
182493 66863 136208 -129993 12058 -90074 -99795 5
2423 229302 213850 -146857 66652 -88090 74000 5
-120948 -154013 7020 -156183 -113765 -89426 19928 15
-82078 276129 205158 -183229 -259041 -76149 61977 12
-122110 -265527 116502 -61391 75931 -89121 79942 1
-62331 -96621 206104 -33212 93551 -73727 72922 1
852 -7178 40935 -12829 33122 -73978 -7206 1
172170 -144567 40254 -140835 -238257 -76532 112263 1
-186262 -14334 214709 -79398 -55783 -76005 178044 14
97738 -31786 104608 -46958 21716 -84653 142544 10
-6622 106935 5712 -81899 -234 -68644 86148 15
18496 -87553 92313 -151270 -107802 -93385 -606 15
-234168 -6855 117919 -132641 -75624 -88048 169391 10
-55431 -1346 140407 -148891 45794 -65378 -58103 12
73389 -129838 203162 -111800 33488 -80251 240289 7
-132406 401365 193890 -77409 -34665 -87581 -185228 1
-156745 -17665 25646 -102272 57144 -78822 77710 12
250927 138711 165435 40745 74539 -100077 68738 1
104472 -161186 239306 -65220 -45394 -48013 -3696 14
54521 185559 280718 -119992 15793 -69489 204906 2
-22638 70749 55224 -237831 101411 -80818 -172638 15
-213297 223164 205944 -103542 -9822 -82635 -118454 8
48764 171302 72155 -65176 88811 -80569 -177411 14
-37812 142062 87736 -66552 -15220 -61309 -41955 15
-121810 9830 142305 -203753 2192 -69408 138452 13
-25992 -6270 70128 -157290 14311 -67686 -75511 1
-164085 68722 112134 -139284 -147566 -90753 279198 10
196878 84114 215658 -83229 68916 -78225 -7924 12
69920 283611 102424 -92648 -111572 -70235 243299 10
21523 209910 108721 -74355 -156940 -94303 446956 10
-106481 344336 227052 -210521 147933 -55590 93801 12
18252 -25939 181993 -124689 -68719 -81595 -138252 12
-3610 209209 61039 22951 -60570 -88366 315675 5
-158585 266180 104427 -160783 162217 -93300 120979 13
175496 -163001 -35396 -178663 2801 -72143 95440 11
165668 -27704 104125 -97703 109144 -73707 122416 10
136765 115904 173649 17085 143233 -78058 165635 14
27079 354091 49451 -140273 -110251 -74686 253787 13
-154896 147526 115368 -30452 29053 -96629 -135542 3
126684 133751 120829 -1833 -87259 -91806 251751 2
110811 35550 113852 -23226 86881 -76147 -9430 10
16310 319195 47211 -158777 -22138 -76090 -166369 15
54779 18420 153755 -14425 -165227 -77146 38862 2
126772 216885 180754 -91934 -42822 -91374 -101584 6
260723 120023 83341 147 89550 -86267 -82776 14
232301 -8887 129146 -194874 -11052 -69333 20659 12
-66936 45502 106779 -40526 -31844 -82694 70231 2
-144612 182726 148080 -186786 80635 -76262 58785 10
-67895 136354 -19986 24607 -27065 -92095 -46745 12
125132 229789 155298 -112368 -59108 -75286 16811 12
16377 73964 214295 -60023 -131241 -76506 61749 2
314329 -181466 115330 -121115 166750 -93584 300319 5
92996 -126674 151135 -151938 23007 -78671 104710 12
59514 -228746 106881 -214040 47707 -64494 122614 5
35117 119567 99078 -182362 -120672 -68870 215501 12
-268505 234482 106852 -129659 89665 -91360 181676 10
-48808 -42580 102566 -113957 -46993 -74105 74660 12
114424 23542 147143 -10764 118197 -97672 201657 1
-50015 155780 149068 -124863 -23410 -72658 -205543 12
108410 -97469 181746 -108457 -47692 -64448 216877 12
85999 122228 80452 -58842 -62461 -80336 -150043 14
118602 26408 174507 -128212 38101 -104477 29466 10
90217 162915 81248 -210745 -143640 -49788 55313 14
-65679 -72714 129246 -186431 104758 -71068 107837 12
172682 214272 63291 -83806 100393 -52597 -29469 7
-132269 12178 146459 -91049 106008 -87298 192159 10
80823 326416 11794 -93593 -96834 -83719 -13419 14
-64098 83223 127121 -176071 8478 -56934 185833 15
128139 -62914 124919 -89565 110003 -73903 628980 7
-44584 72643 63343 -204555 -175260 -104858 157860 1
152418 135725 103252 -131217 -30871 -93275 -74967 5
-113848 6991 86262 -18455 -28904 -79156 14278 14
164089 -38741 182894 -44523 79861 -59583 -108541 10
152581 7920 81518 -95268 -163961 -82556 146541 14
-83126 27238 109314 -48861 -109507 -86397 142711 2
-80591 124434 125061 29900 111607 -70598 215607 10
5766 85259 107423 -117205 -17381 -53093 72849 12
3402 32718 70238 -212079 -48572 -81472 139697 9
-116911 285031 215476 48592 -83363 -77822 91977 12
-174230 118822 142134 -92594 -86370 -98493 98166 10
-149385 67845 153658 -165092 -125263 -61601 51289 10
-118914 123738 171582 -66410 -33132 -83924 12422 5
-54192 -120992 618 -79807 128555 -71552 293928 11
-119318 -245173 -54348 -84082 20002 -96745 8952 15
126786 339082 145733 -134330 -98415 -63438 13582 7
12425 67341 209625 -156556 70789 -83530 -83711 12
-7198 112231 -57604 14513 34834 -72891 -156846 15
-123779 114469 194836 25246 -162049 -96306 126265 1
44112 353621 94162 -173969 -79990 -81757 283366 13
-73484 -152156 225804 -84357 -33930 -89203 40113 10
214103 -40879 189665 -122249 79777 -87219 -282272 2
62082 78004 54243 -84940 -40940 -93598 337358 15
137297 379065 97615 31611 188293 -83153 85761 3
-53217 -38213 93518 -73250 -153050 -78555 -20959 5
-35479 -17885 80820 -44132 149625 -86133 -25930 15
-122422 70883 241166 -40363 -65096 -70629 68152 2
-4871 185665 192598 -101277 -101183 -82632 -95167 12
-2748 40810 184881 -20877 31933 -103257 123259 1
-29603 -108490 116116 -36268 34466 -122473 114898 1
28965 17946 9793 -77049 -124223 -72339 -54752 1
30773 160399 220393 -80984 47435 -80117 113018 12
-50978 -83287 -66192 -10482 -100624 -96076 -197769 5
-78732 48245 60744 -59991 58585 -109689 -275548 15
-27632 32170 119747 -188134 -10899 -101330 -82663 10
29104 28820 -10695 -43073 79624 -69995 11136 12
-188403 82229 127284 -159779 90165 -103328 105013 10
-66540 234869 43711 -25236 -25242 -83495 74610 14
180825 17903 232751 -124300 55651 -75199 77203 12
83322 75608 114633 -104953 16015 -65313 17951 12
-187945 411575 60692 -96432 -48454 -66084 -133466 12
44186 78102 212583 -182627 -20598 -113363 -163881 6
-118703 107088 117577 -59724 22732 -85781 69877 10
-31513 110813 167953 -81372 -77648 -83673 -11264 12
50351 -351786 163034 -88288 -121895 -86546 285145 10
202202 415270 71436 -236708 -12244 -94374 -200370 15
-11093 91260 137000 -56672 76704 -78188 70308 10
31347 103576 246479 -86866 -83654 -62283 -44413 12
37347 228484 80924 -149259 82812 -66962 93527 10
118884 -33243 82611 -104859 126310 -61724 -28371 7
41843 31246 151545 -54329 164351 -110365 181016 1
21094 54133 39936 -155684 -102759 -89892 206149 9
153656 79212 99825 -21806 -46892 -88146 121979 2
88933 187305 173201 -53752 -13269 -78738 11975 14
242629 79610 236 -5072 -30189 -92259 188038 5
-25418 -92577 138969 -176287 169340 -75260 55661 12
181951 -78330 197313 50244 -69721 -67618 29500 8
-84548 178955 156322 -77897 20612 -62944 201797 10
153796 217356 50752 -162636 160527 -70475 55696 12
1118 364450 200742 -28111 6594 -68685 100469 12
-164317 -145965 128992 -117367 115425 -57369 178356 7
153048 41269 186904 -48902 176592 -100136 150327 1
49608 -126249 57027 -131466 -105297 -78322 22811 5
53885 65050 124249 -109341 45408 -92762 158711 10
103541 5123 160608 -103719 145896 -87492 -10573 2
4877 -11100 35268 -107005 40372 -79993 228179 14
-43154 80882 78258 -39498 42531 -62832 42211 1
61347 182058 54773 -151318 -30049 -62831 335129 10
-172913 48288 -30051 -98558 123721 -71669 176128 2
8538 18753 422 -112383 -129209 -81742 88308 14
67386 206489 49295 -79398 18473 -75254 221150 5
201540 433339 -54830 -51668 44395 -109036 119735 11
-259027 81053 169989 -58271 -17636 -63141 46578 10
216309 172866 149141 -79165 -25387 -97443 94715 5
194621 -172187 137691 -101074 -170227 -74113 58207 4
-168074 15721 56855 -139092 90683 -87803 251607 14
-276836 270589 149287 -121940 -91743 -71753 350649 10
-99060 186955 84528 -133844 98891 -91975 183766 14
133852 123133 189209 -230352 116252 -69893 265037 13
-167180 -134870 83660 -121077 -112314 -75739 319207 14
-88313 281342 187528 16067 -83814 -66196 -29581 12
-21046 55978 153244 -113578 -112097 -102061 35758 10
-60729 162451 150162 -44382 30815 -73955 10757 10
-123484 -110174 93552 -70502 -190497 -67099 -48199 10
5436 -276199 239488 -104990 -54587 -69676 -87068 11
-50900 84171 80969 -123087 -10224 -75161 183788 14
-86203 413140 206667 -43754 -121428 -68657 183363 12
-22836 -58712 95690 -86019 154807 -72157 96932 13
-315083 40578 173586 20832 -18729 -78327 -224053 10
-165755 173620 37492 -201481 7918 -87231 378190 9
-66253 214851 197508 -110701 -129084 -105165 -79283 5
70358 182491 -1096 -142958 -24916 -64480 6699 15
14390 -116377 70115 -144156 87171 -82202 138676 14
222309 315326 245293 -163553 -130046 -87470 -162557 12
123826 131515 148910 -62473 106376 -80267 118471 10
72035 397957 149876 -72987 21377 -76493 179850 10
49506 40744 141881 -123810 11575 -87198 78552 2
11639 115137 159328 -105087 -208292 -76072 52435 12
-58567 148180 237733 -70961 63199 -93794 -50548 6
-82449 90222 153433 -109394 -103022 -84525 76440 2
346195 122198 186906 -204572 34078 -97996 -10617 5
-6819 720 39052 -126576 -111952 -61378 -176430 5
-17168 164340 138668 -74976 115838 -87589 3313 2
-63066 -3100 126130 -20076 42536 -105743 221401 1
117178 252441 186740 -92510 56250 -94429 345726 10
-85841 278211 -6641 -85912 -84005 -80491 187416 14
-46873 -45863 190703 -41628 -35145 -91325 260833 2
74686 220497 160022 -68016 -70306 -65461 55549 12
103540 213496 193205 -103616 153002 -102427 82340 5
56866 147096 109561 -207383 155801 -59544 295783 7
93635 171207 122344 19034 66424 -67725 -24482 10
10502 172904 134824 -150696 24198 -65314 -155670 12
-190363 77307 35790 -198491 -243434 -69821 -230665 5
-119727 371353 272928 -151976 31489 -79189 -27635 10
140509 291421 80292 -133308 -3538 -95445 15744 15
20749 163467 194131 -94594 21533 -69835 79895 12
-119598 -58371 123323 -65622 -34624 -79103 374826 14
208512 319144 165128 8032 -78960 -82232 100523 12
-73825 74507 55682 -115109 121159 -70217 59502 12
24794 176056 105589 -127770 -27515 -63567 88217 12
118 21435 146619 -181143 -23003 -77009 -72061 12
221635 168341 47601 -103426 43503 -89334 -316303 15
20125 147328 118284 34905 105125 -61998 -1953 10
122745 190894 142847 -241694 -125999 -77517 -90004 4
244753 -13287 176796 -118117 -143820 -96533 71678 10
-329933 70454 254690 36135 114140 -73935 28991 10
-33754 248379 52789 -216655 -138449 -84495 229647 9
-131971 401784 76262 -142543 79703 -83084 91601 14
155824 33392 69887 -64678 -173731 -72453 87402 11
-63937 -61609 184369 -161530 24027 -72701 -140995 12
-87738 185096 64619 -47575 -148006 -88298 -169965 15
20822 126163 253948 -99810 -15162 -71519 -119577 12
-4574 -147713 332187 -75232 -73003 -85274 271825 7
197268 -93728 48345 -64336 -106358 -83387 9857 14
91282 68908 133913 -103642 283683 -102564 116910 10
-153258 77967 218564 -153670 50753 -74699 81203 8
103364 -31699 130130 -73377 -96631 -88369 -114407 6
-1189 -269539 104273 -71507 -6168 -67963 92194 5
-57930 198816 132417 -126387 -34121 -79081 168606 10
-51710 176759 268334 -130277 -16097 -80321 -78998 12
-10379 -161706 -73056 -100500 -19366 -94299 -120998 15
75364 201953 43496 24552 -65437 -116196 -155070 12
-88474 369375 158805 5718 50428 -60010 -23868 12
-33460 3903 136961 -143472 4924 -108303 198289 10
14117 -84000 205030 -162830 3766 -91954 14851 10
280486 -119333 46365 -148937 200998 -86769 116282 13
266371 152603 175005 57805 68637 -79433 190199 10
13643 -135006 147799 -170586 -97930 -66638 13186 12
78013 -62328 159649 -101965 -16501 -91810 170478 2
25266 43294 86623 507 248310 -59882 211535 2
5915 99493 -9100 2575 13754 -110462 115096 9
-161824 -44262 129740 -290120 -56465 -97468 -1949 10
-36143 88572 239070 -128946 27065 -85813 204158 2
-61170 268923 299111 -154637 1297 -83925 24697 12
193111 117422 131907 -60031 -27510 -79655 4658 2
62736 120148 221967 -227733 -38066 -93471 -167357 6
224387 223345 169095 -87705 28926 -88130 155754 10
189236 28719 200550 -63764 -113983 -87951 118749 2
-25474 -33298 206663 -118497 109245 -69357 -107375 12
37620 84467 59472 11026 38501 -112716 61498 12
130596 -7725 131943 -25087 -148446 -84708 133883 2
189879 95958 73273 -104598 -103171 -72458 236632 14
22740 14269 -24506 -106519 26034 -73444 287639 14
317291 -338050 162614 -97854 4030 -72526 2363 11
-67568 65059 249848 -1872 95184 -66951 64444 10
113698 151682 52697 -212197 -21388 -62559 209997 4
82718 75333 181704 -130134 -261568 -91428 -168594 6
-81699 80252 100232 -109295 32059 -57309 374825 10
156882 -189447 63586 -47372 -28106 -68964 54259 1
-195033 -36873 78068 -13330 206389 -70156 56592 14
-220847 -115563 136317 -24096 114027 -53893 -250714 15
32248 95133 122074 -140637 69799 -52779 57682 12
-32103 125881 242151 -83927 -22051 -63982 -76807 12
79224 66191 22004 -49598 56035 -72878 21522 2
-62456 121906 131687 -24641 1998 -56581 154274 10
128876 -55427 173113 -174878 -46145 -89600 159173 7
44966 15140 127698 -142363 6384 -65056 98202 12
81212 -33350 253397 -65451 -12652 -80603 -58882 10
164351 -19764 116471 -155855 -136903 -60294 -121144 12
-13900 33517 202936 -87238 -70769 -82685 365532 10
-42285 -173781 136210 -199605 -221532 -95519 -2948 6
39217 38270 118511 -83204 -5262 -84200 16409 12
-173837 126030 128620 -142047 -31772 -77957 95341 10
-15905 -982 28988 -126787 152816 -78830 -24238 7
93966 -224714 160237 -84673 -77746 -83733 -86310 3
74961 -129463 37155 -78696 18901 -80520 -188753 14
257984 -30273 142322 -19503 -16241 -82425 -187327 10
75602 50395 45071 -222631 25099 -100564 95879 11
83512 -6559 170986 -52226 -81766 -85580 279765 2
232431 -106006 130942 -278317 12320 -63239 49797 4
91270 -53056 69476 11500 -105693 -103324 120828 4
-39538 -211060 29370 -88209 100218 -61751 98022 5
62626 106182 153537 -157709 -50349 -64717 188675 4
210910 257190 210717 -171741 79554 -83831 -97493 12
-51083 -35830 196760 61471 113663 -85867 133255 10
150381 2498 -20274 -244525 193266 -90801 137927 9
-20289 -126541 105276 -182970 207565 -75865 104624 12
181212 85833 64052 -171794 126965 -82128 -103053 14
-29521 197120 130811 -189585 -279355 -72100 231293 13
68315 -112435 137903 -64958 -31582 -80844 -2185 8
15764 -153077 119324 -139832 200079 -67332 -22552 12
163826 -146022 32734 -15470 -51521 -95112 -94873 15
1254 -248090 56537 -277255 -66948 -75776 136053 9
82332 18085 162926 -129051 45198 -75036 133287 10
-201913 65812 106883 -121529 47740 -71445 165702 10
-262874 -64602 199481 -34932 -311679 -63560 177371 2
31060 43181 239834 -61001 -1899 -67744 -347487 10
61179 105029 195659 1328 6395 -67363 -79346 10
178973 200526 125847 -149611 111520 -92944 -74440 5
-147821 160197 169224 -59002 125031 -86414 108168 10
74056 -4339 41131 -34530 69087 -65977 186778 11
11089 -54879 138766 -13438 42416 -87105 26157 10
-400066 103386 108066 -73478 78927 -110806 77529 10
77453 -5451 253267 -30260 38700 -78899 146484 10
-137126 360093 -60626 -23511 -164944 -81758 104492 2
-70590 355248 48248 -15963 146740 -106355 -169263 15
-186008 -4472 200397 -161604 189464 -85431 37666 10
37244 -69874 145870 -185267 157339 -93115 142639 13
-185432 104039 188197 -98017 -69236 -88382 285787 10
-175646 -277546 133180 -211895 65642 -77333 -49891 1
293783 275662 138184 16044 39422 -70999 106788 12
-252042 -98028 -16666 -104662 53739 -70740 -109068 10
285467 345500 73192 -64512 -54370 -78246 -196508 15
-125192 60275 152664 -17073 34082 -91034 31298 10
184273 142181 176945 -131027 -73462 -60077 169629 10
-116727 165153 188602 -98549 -9938 -80180 18037 10
-70066 -209178 157668 -48564 -5336 -74887 212012 10
-88680 156974 106310 -103526 -25635 -74055 114856 10
-55478 -32915 213758 18842 63370 -82218 249179 10
-103489 -153510 91322 -60537 18772 -102443 -131636 15
34670 40753 224454 -128117 -68276 -67511 14187 12
213246 -151802 109999 -192363 -23902 -70610 -135716 12
112892 134909 59703 -40722 87695 -72686 73263 12
83490 75742 -7136 -75655 86246 -67785 -36091 12
262041 43668 83000 -215766 -13051 -66527 -181522 1
-98888 123315 155859 -32843 66146 -82499 -33482 10
-65414 19667 88698 -149894 -28222 -72739 -1660 5
144495 400626 65942 -114450 117681 -82268 271022 12
-228934 272306 121920 -180718 -75442 -71799 94865 10
77173 84217 237616 -110195 66669 -100446 141553 2
-85966 70987 79395 -112361 -290086 -56047 19325 12
31385 324106 139434 -79135 -64316 -87140 52023 2
200545 132063 94544 -140654 246621 -66006 -191126 12
41117 42208 164001 -49866 94847 -77040 -105938 10
90461 10804 176158 -77563 61942 -81522 92945 12
-30014 -141223 36988 -90072 -10428 -87850 65926 9
-58693 48876 195220 -71632 19397 -80541 39511 12
152022 -154084 126505 23522 20609 -87187 99352 15
-61361 325399 279153 -216840 -72078 -92602 241216 13
62147 -51531 99806 -49083 -127575 -86225 186063 2
-24527 317695 86755 35938 -25804 -88889 184703 13
5743 130200 206426 -165578 -74575 -87673 79350 2
36805 210322 219183 12397 149895 -69371 -17405 12
33843 213459 166406 -23661 -71601 -65920 -26590 12
154682 81757 -13490 -148730 -58952 -91216 33809 15
-3260 20775 117858 32428 -120285 -99056 111855 1
-33064 62209 132318 12857 45735 -89957 -191787 10
97144 -28648 88117 20244 -75414 -77907 -239778 5
170779 128156 80848 -160455 70873 -57474 92300 7
21738 29616 17659 -70201 55335 -71288 -132864 12
-12136 49695 196222 -54095 54864 -81645 208714 10
-54330 42652 167358 -132216 -59763 -72336 249886 10
-22972 -311993 42576 -177853 247756 -77328 141251 9
188080 5848 148600 -35452 77625 -95333 -186461 10
-173896 492250 90924 -209440 115897 -71723 -229702 5
-134436 127838 130895 45797 97781 -73243 -259299 10
72392 230139 236407 -113620 93945 -78865 -13 12
145777 -111605 116751 -79012 -47040 -80560 229726 7
-44599 -139367 207456 -196963 30712 -85038 -47903 2
-20109 -158767 125447 -156428 60613 -90138 35541 10
98775 -125753 33393 -113007 177535 -51425 -137682 7
-75899 -30765 184593 -87230 -258699 -80482 224946 10
40293 -108399 66971 -152756 -16142 -94131 -10004 15
-124363 221988 100019 -189948 71777 -92199 227997 13
163997 -4517 176426 -101560 -60245 -68534 -161295 12
-177772 157525 10404 -167928 -46036 -76257 179407 6
-191049 339981 -57412 -167290 94580 -77633 68788 5
174678 106187 104429 58519 41266 -87087 27720 10
-5859 -279472 51653 -106680 -2987 -94368 111498 13
-66384 73092 129681 -93863 44931 -96553 1019 5
24948 402116 143539 -73483 -40676 -70152 141122 10
-117346 69914 42886 -175970 -13952 -71883 50908 5
-16017 174309 90530 23680 113017 -99473 50601 5
-200074 66834 187836 -24144 58538 -78167 -11336 10
63679 -98324 175556 -60927 55414 -78636 12104 15
-3051 -150735 149800 -100189 95742 -97469 330333 7
-16035 39703 18709 -97576 161822 -83341 216436 14
20457 9704 71325 -296809 -122584 -72324 -221417 5
-192929 216548 102672 -11505 137852 -39444 417394 4
-291328 -30942 20513 -19910 -221236 -65622 87222 14
125057 59611 78376 -155302 -122609 -90670 256507 7
78544 344448 -21931 -94606 30794 -81653 -41063 14
-79506 43003 242433 -76546 3306 -100969 237514 2
-182291 82384 107523 -84707 12798 -80097 176298 10
-141649 83181 55196 -23824 -77079 -85864 -117183 15
79494 -112947 198681 -110957 -179137 -92684 -75843 10
-118385 187515 51510 -64484 37229 -84173 37279 15
-47572 16625 -3287 -117241 -117163 -88220 193225 14
8269 344714 132691 -176291 -269787 -96524 226935 13
117839 -60947 3680 -91998 47603 -72552 -133453 9
144782 -266907 204990 -26076 -272306 -87167 213688 5
-19047 -204438 146354 59999 -46383 -88635 -39212 11
157804 -121722 70436 -17708 17550 -88117 356419 5
-141167 -284906 63324 -66205 60322 -80999 193079 5
-23655 67633 64756 -65171 -233214 -84646 401360 5
-112351 -168648 245874 -267093 13319 -66814 49734 1
-818 -51977 91836 -47001 115910 -70825 -148001 3
-16994 129725 218100 -145970 46522 -81684 90321 12
112578 171956 100730 -97203 -16034 -83045 297558 10
-37642 97325 91775 -133905 131115 -75641 19265 12
132331 -15456 158821 -41928 89659 -69514 41547 10
84639 145421 159817 -44443 12436 -80868 78349 10
-78731 27104 318914 -151193 9505 -81419 2278 12
-277698 153605 150484 -89837 -55743 -87217 313949 10
-229830 -336051 92127 -54256 57263 -101784 155933 10
-95753 52623 242428 -86851 -44963 -79036 -60443 12
-61825 64629 74076 -124942 87114 -94983 90085 15
100797 20744 228909 -92472 28118 -76777 44759 12
123520 85757 163451 -112294 188489 -64111 42674 12
131986 295645 152322 -101352 -7531 -107798 208743 10
-73989 287674 7003 -76383 -105125 -72839 96494 5
52379 290966 165477 -126987 -96461 -87874 292145 10
167775 199819 163427 -180269 -182518 -79561 -49495 12
43303 25214 106431 -178693 -102429 -80506 -205734 11
119376 -195976 11211 -28474 175786 -78219 125102 5
-26264 -88098 204657 -16309 -168839 -66592 182854 8
57854 -238627 63850 -63621 79589 -88780 -194711 15
-59038 48970 204157 -109817 -14558 -84718 280694 10
39848 -116959 141955 -148101 -1355 -85725 231202 7
110946 6173 127368 -210414 227356 -72024 6510 12
99268 287692 -5786 -18423 -36202 -73188 70870 15
-167551 86217 269579 -170770 20301 -76908 187567 13
100391 -84212 181461 -153523 -17422 -86896 165710 13
-6712 41812 163680 -145414 -52931 -74472 174780 10
6178 -58794 107872 -64775 65697 -65880 411163 13
-25201 -153762 74148 -151883 -164966 -60516 174867 11
26492 56407 129207 5438 -39654 -69127 -110893 2
52510 196620 89808 -243987 50951 -83355 193856 7
403249 129177 124957 -195979 -113029 -46696 -265982 12
131397 12413 117988 -38211 -70485 -54546 251340 2
35848 -5206 200121 -163163 26178 -94300 -144833 6
-26505 108317 119845 -99475 61624 -92219 147951 10
6640 -236981 187729 -140449 123025 -59649 136323 10
151238 110938 112216 -171109 -77439 -109607 171379 13
-257558 179641 -32146 -201368 -21963 -86047 64684 15
227726 83234 179280 -151841 -129260 -73626 -79557 6
-20236 60142 112731 -163516 -60836 -88292 -28228 5
3758 14161 203227 -75401 54132 -78590 -8271 12
85214 -8500 96901 -101830 -100963 -80804 9816 14
117209 -64723 52195 -153906 -102570 -81578 138092 9
350263 -132649 257520 -54893 -19020 -84470 47691 8
97327 171037 101022 -92660 -6503 -61014 -42173 12
-132620 197425 197239 -166912 84393 -80765 197492 13
91633 228121 198146 -84016 -44233 -85007 -48315 2
-24220 -112246 270365 -27073 295957 -78377 49270 15
10012 140357 138618 -238485 85990 -75951 38599 4
40742 65216 61623 38713 -18046 -62842 155439 12
7334 -31502 4528 -56332 -76332 -61291 72725 14
153415 28039 -34447 -46729 150918 -95898 -200612 8
12220 239445 274666 -170546 -41957 -85025 125636 4
153740 -150655 102268 -114355 -91740 -84227 -36293 12
133454 160975 116122 -101853 -72032 -84620 -123342 2
-105434 187368 193635 -118401 -238066 -78153 265422 10
47476 -154796 109522 -132482 -60316 -81370 200094 7
-129467 42463 -88945 -100416 -10264 -83155 -72165 14
7012 66089 161935 -94371 -83577 -105590 101341 5
72208 -80376 104696 -10687 -121153 -82932 117359 8
172833 242017 63681 -183492 -98490 -82461 24942 14
-31203 548919 52067 -174902 63629 -98633 56687 15
41482 160769 129817 -98017 79887 -81063 57567 12
-78614 -284713 112723 -101885 135784 -90479 210340 5
63370 -187346 219760 -140950 3370 -88161 82865 15
-86616 -74178 137839 -243272 -64879 -58027 -18436 4
201947 236002 242895 49946 -7989 -75480 -89186 12
175682 49845 174042 -24792 -18653 -88962 158209 10
21366 -20337 157293 -24657 -433 -71053 -190690 10
-47634 19039 -48120 -167131 -4400 -80868 28465 14
-2977 146051 113255 -151194 66476 -80382 -48466 12
28001 -88657 149759 -126707 -142881 -89273 148415 7
-48230 -65854 83754 -142435 -82003 -89428 -262052 15
90750 30706 162016 -181259 7392 -79516 139566 13
-178774 109989 106986 -109721 31752 -79094 132062 10
-66220 70922 112726 -48663 -36676 -65595 18346 2
76037 86185 62918 -74424 -115373 -87302 290696 5
-8173 -2157 276038 -31308 -8675 -78078 76369 10
-95360 56489 119025 -200615 95536 -81880 88893 12
-54189 314626 116930 -70284 19875 -94641 41637 5
21969 225183 150699 13612 68730 -68276 -61682 12
124699 -52460 134587 -107945 185028 -99685 123162 7
50742 187271 172056 -100238 -86867 -82637 -44625 12
-36795 79494 114449 -44916 28623 -88887 -47475 10
94981 130649 92864 -201392 -27113 -72157 -1657 15
-98470 115863 181867 -45772 13584 -78309 -101458 10
27903 -10152 107990 -141099 -149481 -61380 -211438 12
246444 -43434 18841 -98449 -31777 -97467 -427110 15
-56116 36427 105280 -120023 2590 -87496 2948 2
-208205 98396 56008 -83257 -18344 -87072 85987 15
46618 5986 217034 -1234 93045 -95915 -228284 10
-155288 -54436 133500 -219841 -12865 -61579 193848 2
81997 -215229 173841 -15341 84289 -88294 319391 9
314580 129012 106982 -53707 -51492 -94528 -121600 2
-64221 232633 146385 -235238 -198074 -105997 -39606 5
338077 138729 -17138 -5092 -207707 -101466 -94610 14
-118541 71604 129822 -175544 61694 -73841 -29348 10
309557 28399 145261 -23762 69680 -86769 38830 10
-134763 94848 88331 29544 -45701 -76791 225235 5
-56557 -2814 160380 -51000 44366 -54972 173112 10
134090 -90105 118609 -267946 -85442 -95631 341473 13
-58404 273024 144829 -97109 -89793 -73124 -126649 12
-162007 13655 9283 -168109 10946 -87941 318142 9
11196 169551 161490 29406 51091 -66130 -249635 10
-76048 -187249 110335 -15867 52431 -85303 -159452 1
148769 149762 128789 -94486 -15913 -61696 270266 10
-236200 -263962 106152 -50736 58953 -63744 -1127 1
321753 148536 273485 -38615 -8682 -86165 71144 10
-14051 310336 113660 -45625 -236221 -85912 -21957 12
5711 -129048 109838 -237456 -229053 -74833 94254 4
-93424 288403 133865 -60288 10073 -75322 149810 12
131713 373264 173980 -121507 56738 -78168 -136837 12
121417 -618 107630 -95097 84004 -94928 5634 10
184218 212183 47745 -31366 -250355 -55379 -20949 5
88616 40582 141797 -113774 -110361 -79660 67001 12
-65076 -100961 59246 -83248 -122557 -56818 -43830 10
-201331 106027 -68198 -84323 57886 -75691 66148 12
-248521 -136314 193776 -126226 37794 -68032 -305296 1
133232 310796 96234 16802 24750 -83956 481199 5
-27788 56550 109353 -110125 -89263 -70919 45321 12
-156190 363106 166073 -157648 -118740 -89304 -89217 6
150052 301689 130376 -90406 14719 -82020 95892 12
225463 -13766 80411 -125645 83666 -76475 -317189 9
-34889 -30588 101118 -276195 18855 -95284 176881 13
-21942 28310 -33777 -108703 -89897 -98580 390043 4
59310 387617 54934 30025 -70418 -82951 -26278 12
-60890 213464 110734 -88414 -45410 -89575 1857 5
-67732 -130773 189230 -15806 -156606 -84102 410642 12
9941 -23921 111910 -152350 -61077 -102867 128954 13
11590 153087 166873 -145119 -88816 -85269 176139 10
-38670 -51838 107509 -210556 9425 -74444 -238740 12
-48614 25012 123635 -185489 94191 -61437 -222694 12
-24185 5542 228807 -177433 -12135 -90370 106218 10
95652 262508 173704 -202486 56433 -91136 119601 13
47831 -13307 164441 -175468 63265 -86244 236044 13
-176922 13544 125997 -46671 11248 -71547 -5671 10
87686 382671 64366 -96826 -64883 -72586 58511 15
127393 64391 200957 -25540 -241060 -61266 -105214 2
60963 -36346 122113 -136981 -45209 -80781 271773 10
-68445 -129340 68146 -72797 208218 -93603 -85070 8
-197859 129042 138667 -187498 -6083 -85526 9152 10
-90995 -331746 117602 -143076 -111836 -86089 -357312 14
70807 59453 147333 -54133 105523 -81568 -45749 10
210576 218797 86443 -45864 26857 -84949 -55014 15
99141 -173142 135232 -94783 -113898 -83092 188760 5
176939 366156 118758 -17689 196459 -100589 -29685 1
-194928 -129652 188618 -89445 -191330 -72916 -107924 6
-61636 57403 162355 -29413 -78915 -72198 46179 2
19793 -180967 156859 -145572 129789 -80893 119385 10
-36496 202021 72448 -99455 4905 -91527 71304 15
-127525 -116958 169504 21042 63184 -83651 -128223 15
221317 -94947 163334 -24844 -119587 -83354 -22728 8
135635 173018 179407 -201432 -31491 -102371 204512 13
-241327 -35887 123144 -92677 40926 -73212 -35074 10
53247 438309 131503 -131095 -72528 -70592 78659 12
-74670 -133481 173987 -17988 35956 -70995 85018 15
-80430 70744 40256 -148850 -120929 -63443 260452 8
166049 128174 125387 -150173 108503 -101180 214993 10
88271 143394 117454 -59091 -42368 -72245 -178965 2
1025 105061 205326 -94110 -2895 -97236 -179659 6
210113 29420 59625 -49283 139997 -69776 215813 2
-14683 52668 60209 -80537 124919 -84419 -69069 15
-44333 -23954 148307 -285764 220209 -77882 175126 13
-150741 246207 192774 -123317 -125316 -95320 59224 10
-139031 54968 141747 -77483 -36712 -68051 152842 10
-113560 -21338 122864 -13057 9755 -83206 15443 10
-117427 194110 176396 -92160 -126253 -95664 19294 10
-8888 154079 129353 -150269 45653 -79958 -13635 12
123140 10272 101085 -99332 9690 -70878 12317 12
61289 -96347 219232 -148088 74444 -66905 -91071 12
-151730 2153 96361 -138770 55739 -72881 -66644 12
-21416 4647 221218 -29009 -102408 -98860 -21399 1
61273 236195 190390 10535 -248855 -90964 217139 12
53987 23459 209338 -71813 107338 -96188 28121 10
199277 213643 191306 -97595 183992 -66427 363867 10
85935 49665 3371 -271681 -107231 -81472 165926 9
86549 256234 208146 32181 115322 -71665 151573 12
108356 94480 92367 -18216 -29026 -88469 296752 5
-103627 31083 43325 -229144 -125474 -74073 132431 11
67991 35574 104044 -53545 128898 -86008 210287 10
206245 118315 309908 -136435 46441 -87149 46490 12
-117302 158368 157072 -14921 94284 -88700 150013 10
118053 140526 185820 -83169 -93521 -69609 55688 12
-429342 -21231 135325 -47495 -88643 -77387 198108 2
248573 -114454 97075 -44315 -22273 -93465 132261 5
101600 5824 71272 -91222 -13247 -84925 247638 14
21149 252051 161636 -179928 -125247 -83288 -176178 12
85610 153476 20093 -1861 -9512 -89206 231071 5
-129866 272806 117421 -82558 12321 -81772 97438 10
-12735 53670 -38019 -120435 -113487 -74003 127357 13
-16623 64297 82987 -63196 32901 -83103 7542 14
49759 -103771 -1453 -129896 -85143 -66441 223227 11
13256 2902 144773 -54587 111011 -89844 101813 10
100485 34086 198767 -73073 208438 -71930 78419 12
-105095 163162 15549 -93459 -51103 -88154 89709 9
-70315 56294 124064 -135114 54880 -86657 -233943 2
140826 -122459 109834 -166147 -84202 -89775 65731 10
104101 -174804 69797 -117300 33353 -97132 -7774 9
-115933 256189 60595 -59868 -40577 -93657 -80186 15
75937 92395 20161 -128014 181142 -63622 -29386 9
258084 94375 169439 -89237 54163 -85466 79493 1
77106 -78150 161954 -144385 12892 -87093 22573 2
-118000 -30672 158888 -167198 -54853 -77105 98064 10
-181039 -80076 -20983 -172086 73355 -73828 14858 10
174530 67953 8104 -143300 96031 -60273 41620 7
-81457 -77135 83656 -57994 -14025 -77768 238372 5
78717 -36175 117064 -227849 19770 -87806 43570 2
-25840 196013 235160 -175679 12239 -73603 -22515 12
-33071 -5408 167532 -104463 -162980 -69798 157037 10
-287078 65860 211903 -72926 115686 -64793 300163 2
23985 82336 196703 -48484 -30896 -98561 -109794 1
536 217417 212384 -20364 -43986 -71234 391761 4
152785 -143569 219590 -173585 122600 -55641 416775 7
115239 -44569 87939 -192533 -96614 -77757 164553 7
83692 288544 108249 -160356 77740 -68961 16500 12
1685 25668 208646 41312 -63521 -80102 3766 2
184988 189378 50434 -105041 -249294 -77929 62681 14
91296 171936 100355 -25373 195792 -63877 143959 10
-2429 232188 119655 -134095 10057 -79867 226556 10
-31412 -122851 49303 -151266 28176 -83763 331375 14
85758 -62768 102446 -63658 179068 -66526 -46214 10
109146 -35625 113166 -67336 21299 -84892 -98264 10
62315 82711 152114 -127089 -102908 -83745 -168167 12
-82161 164621 20380 30638 48024 -81917 108775 5
-56573 34781 94057 -187444 -112381 -54214 -24594 5
-46657 119563 9700 -85068 -67396 -100490 -77159 15
-14623 200142 70465 -48188 -102280 -78561 190718 5
-73283 -161960 211024 -194136 -111253 -95826 80347 10
-65777 -258722 74413 -72820 121866 -85180 -109563 15
327342 86593 7290 7413 27538 -74784 74591 1
179314 77244 142763 -26853 105981 -63222 138831 10
202144 -25991 124517 -158495 -213512 -73127 45298 12
-168899 41384 92401 -60805 -41693 -102643 135976 1
112625 98416 36658 -217212 -72592 -72235 174785 11
-11794 126173 110171 -203243 -63430 -74426 -46169 12
-126537 -60032 67097 -256550 -43766 -87396 23384 3
134073 100019 174432 -761 158534 -69912 294388 10
-157256 93964 70393 -160209 77305 -91245 99071 9
95666 211370 140812 -123779 -66554 -64061 218187 10
-281854 31758 219480 -104191 183813 -85076 -151734 1
-72992 48187 156457 -202242 -167023 -81311 34435 12
-103127 181833 251122 -102103 -116786 -104168 135621 2
-17506 -61936 29735 -71658 -95652 -71696 -123246 5
217378 90917 167037 3815 24583 -80021 18312 10
227487 129367 111345 -153210 -37012 -85718 -104645 2
-36319 -191669 179345 -197729 -163239 -87322 162606 5
-67514 303232 -51727 32727 63798 -95670 -101383 12
1702 92041 67956 -147387 -13924 -67573 73927 1
125398 -329400 70742 -119602 -99276 -88247 314030 14
-208374 282277 -63052 -85525 -100772 -83729 185678 5
8573 -357267 119400 -89707 1890 -61478 249532 5
23790 24281 118788 -142684 -22974 -82048 228576 10
-202537 84696 235250 -158040 6196 -67456 118765 15
-146387 -178385 136756 28172 -58110 -71903 221232 9
167341 -81514 227492 -92246 -24932 -85694 -242479 2
137552 -62079 169988 -149739 -97150 -79597 -141997 12
-81324 55279 146339 -57719 36971 -78775 224627 10
-111882 -12421 164947 -27848 241549 -83856 -240759 10
70592 -863 227425 -87184 177593 -86616 151119 2
-7696 -64714 212197 -194661 100907 -86257 28960 2
-49057 195711 104020 -98816 -74361 -98803 -174382 6
-21025 66708 56134 -150754 -48297 -58174 247733 12
108001 -113795 136096 -53141 102228 -77510 36031 15
59457 -167185 152035 -101828 -293252 -89105 163208 7
-200197 206613 102095 -98996 78947 -87451 -31375 10
-33958 180781 96108 -239296 155118 -71893 97704 3
94920 -95734 172296 -139273 97884 -74490 129163 7
212005 41367 266449 -180825 79512 -87394 524388 13
-186576 127352 28741 -154702 59519 -67842 -19531 5
131155 536144 97767 -119805 -7479 -58422 247793 10
-61863 84936 248025 -233183 -152306 -65574 2765 4
-148628 291584 161781 -39820 45233 -77124 150705 12
-30281 179344 139974 -57120 4890 -52704 -42760 10
-123206 -77822 168831 -164724 -100459 -95440 177907 13
44261 352492 100305 -13076 67138 -101658 -61530 9
-6740 -90882 111429 -162163 -95722 -60376 -215138 12
-54627 117235 98497 -184742 -35452 -76887 -5985 15
65767 129753 181870 -102045 -34318 -50386 37357 12
-188655 160170 151895 -214645 57887 -90410 -229972 1
75246 322828 208769 -14375 42334 -61131 -232952 12
135210 50723 109774 -1894 84487 -84639 90827 10
193801 237210 76880 -91082 88151 -74358 112872 13
-297819 235184 72877 -168980 73571 -84980 20734 15
-75595 111590 174494 -54119 -30247 -77026 81530 2
-360889 178738 80851 -39880 108609 -39832 269622 11
112832 29707 32193 -40463 -232047 -81418 -41948 14
49861 242721 117142 -76243 84089 -93701 28711 5
231135 52987 250872 -196343 30842 -83088 82409 13
-83977 -109835 61233 -52751 24468 -87613 -109730 15
-222778 -38730 -19516 3083 154768 -72787 142957 5
-33491 361091 78741 -175018 -193260 -59774 108454 14
77921 -25987 178500 -61442 2430 -92391 22780 10
96896 108837 103242 -86545 80546 -80533 371908 12
288383 -53453 37933 -46948 -159206 -75785 146718 5
-224732 360510 244708 -80499 34388 -84656 -73065 8
197890 -78134 140757 -105180 -38142 -81160 148321 7
-272224 -17629 161323 10606 -76153 -91947 66532 2
-76737 57781 45093 -136161 154078 -64163 143836 2
182518 -62350 132220 -78330 27183 -69515 282580 7
34706 -81612 140391 -168084 -4152 -80755 38666 12
-58923 211477 37918 -198686 43976 -60445 -141523 15
20186 -27922 167878 -147628 153180 -86556 326130 10
-5080 185327 139437 57467 -199485 -69477 60051 12
230994 133223 118219 -155986 -92022 -79958 -18060 12
218369 43092 46360 -81706 4083 -90483 -130472 4
-28556 -25076 24791 12710 134300 -92229 -46363 5
211666 37865 104576 -115012 -43717 -81568 -23140 12
-111094 365006 124854 -200973 9567 -67885 661 12
-147361 32886 102766 -32740 33000 -88498 110627 10
221897 102547 65687 -130530 -125347 -74132 -9335 5
222806 136321 203985 -52185 -582 -85946 -315356 10
-120504 66970 296434 -57870 44403 -97114 28571 1
26746 156880 60329 -88700 126028 -65510 -56556 12
-49931 32717 126868 -142986 69487 -79336 -103055 12
133998 35524 72704 -195515 224857 -92484 210692 6
165993 88011 161243 -24300 79352 -43966 58147 10
-18581 -111103 115424 -129523 -158149 -85385 -170587 2
-156741 -89612 232661 -123375 30556 -82923 169136 7
-204058 74103 189143 -180139 -85140 -84866 -90602 6
2522 -67118 73947 -206375 -26764 -86674 -1301 15
-81811 148850 106840 -140768 70407 -76384 125760 10
-201306 58272 198946 -12594 75818 -83075 104510 10
86887 -38731 -8036 -38088 -93683 -94057 -58800 15
-169449 -52364 203776 -149963 45699 -91079 91284 10
80486 -6897 244906 -59571 -4914 -94313 131618 10
-5924 55482 229861 -134455 -161235 -89181 243427 13
-22857 393907 1726 -260198 -34546 -67718 -24757 15
246196 111112 54182 -199569 27199 -63051 -115988 15
-26691 -57071 98792 -52824 287692 -74663 86365 7
-205725 32234 133696 -6946 103638 -82030 42700 10
115963 198014 135597 -64897 -58017 -83385 193692 12
27697 -8482 131212 -60705 -53056 -93971 182933 2
111394 59037 130501 -76104 -31623 -66297 -23929 12
233999 307046 180962 -18998 -65375 -94082 -208708 12
243191 270805 74713 -57479 -223102 -92021 86390 15
62375 -272665 190667 -183158 104528 -78392 70796 15
-229036 51463 120656 -175315 30870 -94087 244011 13
